Selection	View	Channel	Begin Time (s)	End Time (s)	Low Freq (Hz)	High Freq (Hz)	Species
1	Spectrogram 1	1	1.865797525	3.62552904	1966.4	4964.5	KEWA
2	Spectrogram 1	1	2.405769935	3.476072391	1315.6	3372.4	WOTH
3	Spectrogram 1	1	3.7123103210000004	23.353806744	778.2	1871.5	AMCR
4	Spectrogram 1	1	5.416093818999999	6.939587405	1890.0	4372.9	SCTA
5	Spectrogram 1	1	7.050474597000001	8.077386413	1593.5	3668.8	WOTH
6	Spectrogram 1	1	8.111134688	8.419690351	2946.2	5040.0	EATO
7	Spectrogram 1	1	10.62158432	12.000442439	1445.3	7115.3	WOTH
8	Spectrogram 1	1	17.127149197	17.713460576	2073.1	3486.5	SCTA
9	Spectrogram 1	1	17.389652533	18.233359424	3520.6	8894.1	AMRE
10	Spectrogram 1	1	17.442685538	18.985463853	2093.8	4873.2	KEWA
11	Spectrogram 1	1	19.674892913	20.325752514	1556.5	2686.8	WOTH
12	Spectrogram 1	1	21.086459573	22.33032459	2723.8	5002.9	HOWA
13	Spectrogram 1	1	23.95316188	40.272863744	1000.6	1982.6	AMCR
14	Spectrogram 1	1	24.440101285999997	25.187384532	1575.0	3631.8	WOTH
15	Spectrogram 1	1	29.151950823000004	29.860664611999997	2242.1	4947.4	WOTH
16	Spectrogram 1	1	30.02940599	31.461297114	1964.1	4039.4	SCTA
17	Spectrogram 1	1	32.96325827	33.806965161	5577.4	7800.9	BHCO
18	Spectrogram 1	1	33.802143979	34.703705057	1537.9	3687.4	WOTH
19	Spectrogram 1	1	34.785665155	35.672762686	2964.7	5707.1	HOWA
20	Spectrogram 1	1	37.258753153	38.955809299	1890.0	5058.5	KEWA
21	Spectrogram 1	1	37.678196007	38.502618169	1834.4	3724.4	WOTH
22	Spectrogram 1	1	39.413989559	40.609642753	3353.8	8986.8	AMRE
23	Spectrogram 1	1	42.089745699	42.80328067	1575.0	3742.9	WOTH
24	Spectrogram 1	1	42.420852728	54.68594033300001	982.1	1982.6	AMCR
25	Spectrogram 1	1	43.043651641000004	43.824683163	5151.2	6930.0	BHCO
26	Spectrogram 1	1	44.292337839	45.107117636999995	2946.2	5521.8	HOWA
27	Spectrogram 1	1	46.028131533	47.262354185	1445.3	2649.7	WOTH
28	Spectrogram 1	1	46.833268966999995	48.284444818999994	1945.6	3909.7	SCTA
29	Spectrogram 1	1	48.125345805	48.964231514	5262.4	10876.8	BHCO
30	Spectrogram 1	1	48.226590632	49.37403200399999	3409.4	9023.8	AMRE
31	Spectrogram 1	1	49.62231769	52.10040535899999	2019.7	3798.5	SCTA
32	Spectrogram 1	1	52.814623087	53.508873328	1667.6	3650.3	WOTH
33	Spectrogram 1	1	53.200317665	54.728632434	1890.0	5077.1	KEWA
34	Spectrogram 1	1	55.793935219	89.956832534	926.5	1964.1	AMCR
35	Spectrogram 1	1	56.253349287	57.482750757	3390.9	8745.9	AMRE
36	Spectrogram 1	1	57.997924100000006	59.135723107	4891.8	11025.0	BHCO
37	Spectrogram 1	1	60.119244283	61.358288117	1723.2	3872.6	SCTA
38	Spectrogram 1	1	64.129428168	65.175624713	3390.9	8894.1	AMRE
39	Spectrogram 1	1	66.028973968	66.376099089	3224.1	5503.2	REVI
40	Spectrogram 1	1	66.554304344	67.508898426	1852.9	7430.3	WOTH
41	Spectrogram 1	1	67.393190053	68.584022064	4836.2	7078.2	BTNW
42	Spectrogram 1	1	68.28992994800001	70.073767375	2112.4	3872.6	SCTA
43	Spectrogram 1	1	69.23006048399999	69.808602352	4076.5	10858.2	BHCO
44	Spectrogram 1	1	69.94996078300001	71.714513481	1834.4	5021.5	KEWA
45	Spectrogram 1	1	71.897205038	72.510621253	2167.3	5748.1	HOWA
46	Spectrogram 1	1	74.879614276	75.73296353100001	2964.7	4484.1	HOWA
47	Spectrogram 1	1	75.863135451	76.306684217	3150.0	6096.2	REVI
48	Spectrogram 1	1	78.727253878	79.358828751	1723.2	3724.4	WOTH
49	Spectrogram 1	1	80.250747464	81.08481199100001	2464.4	4576.8	HOWA
50	Spectrogram 1	1	81.133706428	82.498101	2056.8	3965.3	SCTA
51	Spectrogram 1	1	81.215666526	82.319717258	4780.6	7356.2	BTNW
52	Spectrogram 1	1	81.731533025	82.724696565	3131.5	8764.4	AMRE
53	Spectrogram 1	1	84.68140339600001	86.17114870700001	1927.1	5206.8	KEWA
54	Spectrogram 1	1	88.55624760100002	91.786439698	1797.4	4502.6	SCTA
55	Spectrogram 1	1	91.97566727799999	92.42409568299999	2779.8	3533.7	WOTH
56	Spectrogram 1	1	92.297485015	93.811336237	4780.6	7300.6	BTNW
57	Spectrogram 1	1	92.551453129	97.912607774	963.5	2019.7	AMCR
58	Spectrogram 1	1	92.88521545799999	93.003668244	2497.1	3627.9	WOTH
59	Spectrogram 1	1	93.942364203	94.612508534	1556.5	3705.9	WOTH
60	Spectrogram 1	1	97.08903836200001	97.279408911	2450.0	3345.2	WOTH
61	Spectrogram 1	1	97.240735511	98.34478624299999	2927.6	5595.9	HOWA
62	Spectrogram 1	1	97.71717116399999	98.86461253600001	333.5	1667.6	WITU
63	Spectrogram 1	1	98.778692644	99.376519241	3001.8	5577.4	BHCO
64	Spectrogram 1	1	99.65596918	101.873713008	1741.8	4410.0	SCTA
65	Spectrogram 1	1	101.59890562	168.864040157	945.0	2001.2	AMCR
66	Spectrogram 1	1	101.87853419	103.406848958	1927.1	4873.2	KEWA
67	Spectrogram 1	1	103.66311098799999	105.051611472	4799.1	7485.9	BTNW
68	Spectrogram 1	1	103.720965175	104.323612955	3928.2	7708.2	BHCO
69	Spectrogram 1	1	104.950366645	105.331240042	3057.4	6096.2	REVI
70	Spectrogram 1	1	105.442127233	106.55099914700001	2760.9	5651.5	HOWA
71	Spectrogram 1	1	106.891748541	107.566714054	4613.8	7207.9	BHCO
72	Spectrogram 1	1	108.08258055299999	108.68522833200001	3872.6	7986.2	BHCO
73	Spectrogram 1	1	109.51150174700001	110.519073243	2021.2	4593.8	SCTA
74	Spectrogram 1	1	111.804522839	113.246056328	2038.2	4984.4	EATO
75	Spectrogram 1	1	113.737816915	114.880437105	2797.9	5392.1	HOWA
76	Spectrogram 1	1	115.784403575	116.387051354	3131.5	9060.9	BHCO
77	Spectrogram 1	1	117.38503607700001	118.180531145	1649.1	3742.9	WOTH
78	Spectrogram 1	1	118.467039711	119.35413724200001	3131.5	5651.5	HOWA
79	Spectrogram 1	1	118.48150325799999	120.048387484	4854.7	7485.9	BTNW
80	Spectrogram 1	1	118.98772739200001	120.67514117399999	1908.5	4854.7	KEWA
81	Spectrogram 1	1	120.221950044	121.229577131	3372.4	8782.9	AMRE
82	Spectrogram 1	1	122.64114379200001	123.74037334100001	1760.3	7226.5	WOTH
83	Spectrogram 1	1	123.561989599	124.719073335	2464.4	5688.5	HOWA
84	Spectrogram 1	1	125.230118652	126.6282615	1593.5	5021.5	WOTH
85	Spectrogram 1	1	125.254224563	125.47117776399999	4576.8	9394.4	BHCO
86	Spectrogram 1	1	128.529866114	129.850870046	1686.2	9246.2	WOTH
87	Spectrogram 1	1	129.767795544	131.227303089	2120.2	3580.8	SCTA
88	Spectrogram 1	1	131.406557363	132.751667207	1649.1	8727.4	WOTH
89	Spectrogram 1	1	131.83564258200002	133.257891342	4836.2	7374.7	BTNW
90	Spectrogram 1	1	134.373128584	134.749180798	3983.8	9042.4	BHCO
91	Spectrogram 1	1	137.124810495	138.90382674	1575.0	5058.5	KEWA
92	Spectrogram 1	1	142.64024703	144.07169343200002	4501.9	7350.0	BTNW
93	Spectrogram 1	1	144.412183111	145.14108959700002	1378.1	3675.0	WOTH
94	Spectrogram 1	1	145.052250007	145.407608366	2638.5	9046.2	BHCO
95	Spectrogram 1	1	145.748350773	147.242336096	2848.1	3583.1	NOCA
96	Spectrogram 1	1	148.65543473399998	151.56002015299998	2113.1	4042.5	SCTA
97	Spectrogram 1	1	153.246619353	154.080471627	1929.4	3766.9	WOTH
98	Spectrogram 1	1	153.489826266	153.934547479	3766.9	5971.9	HOWA
99	Spectrogram 1	1	154.25419085	155.727329866	2113.1	4961.2	KEWA
100	Spectrogram 1	1	154.698912063	156.276282613	4685.6	7166.2	BTNW
101	Spectrogram 1	1	155.393788957	155.734278635	5788.1	9095.6	BHCO
102	Spectrogram 1	1	156.324623963	156.688443235	2261.5	4617.3	REVI
103	Spectrogram 1	1	157.968815418	158.976386915	2756.2	8820.0	AMRE
104	Spectrogram 1	1	160.935471624	162.589278633	1929.4	3766.9	SCTA
105	Spectrogram 1	1	163.689188294	164.50914303	2113.1	5236.9	HOWA
106	Spectrogram 1	1	165.023351932	165.322148996	5880.0	8911.9	BHCO
107	Spectrogram 1	1	165.31520022700002	166.830031857	4777.5	6982.5	BTNW
108	Spectrogram 1	1	167.878827835	168.61539734299998	1745.6	4042.5	WOTH
109	Spectrogram 1	1	168.580653499	171.658958141	1837.5	4226.2	SCTA
110	Spectrogram 1	1	171.751790537	173.461187697	2572.5	4869.4	KEWA
111	Spectrogram 1	1	172.52906391	194.929033279	735.0	1929.4	AMCR
112	Spectrogram 1	1	175.63914543599998	176.514690323	3399.4	8544.4	AMRE
113	Spectrogram 1	1	176.497848316	177.999660428	1929.4	3722.1	SCTA
114	Spectrogram 1	1	177.58680490900002	178.37201579900002	1837.5	3766.9	WOTH
115	Spectrogram 1	1	179.85905235299995	180.081412959	2388.8	5145.0	EATO
116	Spectrogram 1	1	182.54627425099997	183.11607330400003	1929.4	3491.2	WOTH
117	Spectrogram 1	1	183.07438069	183.261997452	2480.6	5512.5	EATO
118	Spectrogram 1	1	183.99856696	184.498878324	2848.1	5053.1	AMGO
119	Spectrogram 1	1	186.525446555	186.85898746400002	2388.8	5328.8	WOTH
120	Spectrogram 1	1	187.69336035400002	188.852205459	1929.4	7821.2	WOTH
121	Spectrogram 1	1	187.97650093200002	188.276863355	2450.0	4617.3	EATO
122	Spectrogram 1	1	188.596700317	189.416655052	3031.9	8452.5	AMRE
123	Spectrogram 1	1	190.09068564	190.465919163	1837.5	5604.4	EATO
124	Spectrogram 1	1	190.66743346200002	191.042666985	2021.2	5512.5	EATO
125	Spectrogram 1	1	191.362310357	192.251752781	2113.1	3583.1	SCTA
126	Spectrogram 1	1	192.29792186400002	192.97890122	1837.5	3766.9	WOTH
127	Spectrogram 1	1	192.888567224	193.20126182599998	2205.0	5236.9	EATO
128	Spectrogram 1	1	195.702350371	196.049788818	2205.0	5512.5	EATO
129	Spectrogram 1	1	196.605690334	198.113573195	1102.5	5145.0	WOTH
130	Spectrogram 1	1	197.939853971	198.287292418	2940.0	6063.8	EATO
131	Spectrogram 1	1	198.551345638	198.92657916099998	2848.1	5604.4	EATO
132	Spectrogram 1	1	199.435843462	199.74158929599997	2572.5	5512.5	EATO
133	Spectrogram 1	1	201.09214901299998	201.90515498	1286.2	3858.8	WOTH
134	Spectrogram 1	1	201.474331305	201.82871852099998	3307.5	5971.9	EATO
135	Spectrogram 1	1	202.064976665	202.42631265	3031.9	5328.8	EATO
136	Spectrogram 1	1	202.44021018799998	203.15593339	3583.1	8728.1	AMRE
137	Spectrogram 1	1	202.572236798	202.99611170400001	826.9	2205.0	AMCR
138	Spectrogram 1	1	203.44135367599998	205.33141882799998	2296.9	4042.5	SCTA
139	Spectrogram 1	1	203.60065460200002	204.00368320099997	2848.1	5145.0	EATO
140	Spectrogram 1	1	205.58157451	205.87342280599998	2205.0	5145.0	EATO
141	Spectrogram 1	1	205.84045148	207.003827059	6172.1	7350.0	BHCO
142	Spectrogram 1	1	208.15261902	209.16019051599997	918.8	1745.6	AMCR
143	Spectrogram 1	1	208.826649607	209.16019051599997	2296.9	4961.2	EATO
144	Spectrogram 1	1	209.706176445	210.123102582	2572.5	5236.9	EATO
145	Spectrogram 1	1	209.747869059	210.16479519599997	918.8	1653.8	AMCR
146	Spectrogram 1	1	210.67205532900002	211.373880992	1286.2	3858.8	WOTH
147	Spectrogram 1	1	211.496486533	212.43457034	918.8	1653.8	AMCR
148	Spectrogram 1	1	212.34423634400002	212.62913587	3123.8	5420.6	EATO
149	Spectrogram 1	1	212.882284612	213.26446690400002	3031.9	5512.5	EATO
150	Spectrogram 1	1	214.02883148799998	214.41101378	2572.5	5328.8	EATO
151	Spectrogram 1	1	215.168429595	215.640945883	1470.0	4869.4	EATO
152	Spectrogram 1	1	216.40981317700002	218.973908918	1837.5	3399.4	SCTA
153	Spectrogram 1	1	216.78504669999998	217.076894996	2940.0	5053.1	EATO
154	Spectrogram 1	1	217.479923595	217.806515735	3031.9	5236.9	EATO
155	Spectrogram 1	1	217.59805266700002	218.160902951	1378.1	2848.1	WOTH
156	Spectrogram 1	1	218.855779846	219.369988747	826.9	1745.6	AMCR
157	Spectrogram 1	1	218.925267535	219.72437596400002	3031.9	8268.8	AMRE
158	Spectrogram 1	1	218.939165073	219.314398596	2848.1	5145.0	EATO
159	Spectrogram 1	1	219.696580888	220.071814411	735.0	1653.8	AMCR
160	Spectrogram 1	1	220.188460074	222.36342475400002	918.8	1929.4	AMCR
161	Spectrogram 1	1	220.605386211	221.890908465	2113.1	8544.4	WOTH
162	Spectrogram 1	1	220.931978351	221.244672954	2664.4	5420.6	EATO
163	Spectrogram 1	1	223.97309309	224.403916765	1561.9	5788.1	EATO
164	Spectrogram 1	1	224.661021216	226.050775004	0.0	1837.5	WITU
165	Spectrogram 1	1	225.09184489	226.599727751	4685.6	6890.6	BTNW
166	Spectrogram 1	1	226.69701051599998	227.01665388799998	2480.6	5053.1	EATO
167	Spectrogram 1	1	227.537811558	227.91304508099998	1745.6	5420.6	EATO
168	Spectrogram 1	1	228.696798805	229.078981097	2388.8	5053.1	EATO
169	Spectrogram 1	1	228.717645112	232.33795373200002	826.9	1745.6	AMCR
170	Spectrogram 1	1	229.32218801	229.711319071	2296.9	5236.9	EATO
171	Spectrogram 1	1	229.947577215	231.114970398	2205.0	3675.0	SCTA
172	Spectrogram 1	1	231.20530439400002	231.573589148	3123.8	5604.4	EATO
173	Spectrogram 1	1	231.226150701	232.317107425	3031.9	4777.5	KEWA
174	Spectrogram 1	1	231.789000985	232.21287589099998	2756.2	5604.4	EATO
175	Spectrogram 1	1	232.33795373200002	232.782674944	1745.6	5512.5	EATO
176	Spectrogram 1	1	233.658219831	234.06124843	2940.0	5420.6	EATO
177	Spectrogram 1	1	234.71175645	235.003657959	2732.7	3675.0	WOTH
178	Spectrogram 1	1	235.12990168099998	235.560725355	2664.4	5512.5	EATO
179	Spectrogram 1	1	235.498186435	235.90816380200002	1010.6	1653.8	AMCR
180	Spectrogram 1	1	236.067985488	236.429321473	3031.9	5236.9	EATO
181	Spectrogram 1	1	236.56134808299998	237.06860821599997	1745.6	4961.2	EATO
182	Spectrogram 1	1	237.158942212	238.479208312	2021.2	3399.4	SCTA
183	Spectrogram 1	1	238.347181702	238.764107838	918.8	1653.8	AMCR
184	Spectrogram 1	1	238.74326153200002	239.14629013	3215.6	5236.9	EATO
185	Spectrogram 1	1	239.665001743	240.526649092	1745.6	3950.6	EATO
186	Spectrogram 1	1	240.575290475	242.18045610099998	4410.0	7074.4	BTNW
187	Spectrogram 1	1	242.145712256	243.111591139	918.8	4042.5	WOTH
188	Spectrogram 1	1	243.188027597	244.68896168900002	2113.1	3583.1	SCTA
189	Spectrogram 1	1	243.23666898	244.709807996	1010.6	2021.2	AMCR
190	Spectrogram 1	1	245.307402125	245.675686879	1010.6	2021.2	RBWO
191	Spectrogram 1	1	245.63399426599997	245.911945023	2940.0	5145.0	EATO
192	Spectrogram 1	1	246.46490610599997	246.95131993200002	1010.6	1929.4	RBWO
193	Spectrogram 1	1	247.00691008400003	248.382766335	2021.2	3491.2	SCTA
194	Spectrogram 1	1	248.87612893	249.119335843	2664.4	3583.1	WOTH
195	Spectrogram 1	1	249.216618608	249.591852131	2021.2	5053.1	EATO
196	Spectrogram 1	1	251.61394389400002	252.044767568	1653.8	2664.4	WOTH
197	Spectrogram 1	1	253.000262733	253.319906104	2756.2	4593.8	EATO
198	Spectrogram 1	1	253.201777032	255.14743233599998	1102.5	1837.5	AMCR
199	Spectrogram 1	1	253.43803517599997	253.729883472	1561.9	2848.1	WOTH
200	Spectrogram 1	1	253.827166237	255.050149571	1653.8	8452.5	WOTH
201	Spectrogram 1	1	255.348946636	255.661641238	1010.6	1837.5	AMCR
202	Spectrogram 1	1	255.877053075	256.342620595	1470.0	2848.1	WOTH
203	Spectrogram 1	1	256.460749667	269.149019843	918.8	1561.9	AMCR
204	Spectrogram 1	1	256.842931959	258.53148281200004	1929.4	3858.8	SCTA
205	Spectrogram 1	1	258.07981283099997	258.517585274	1653.8	2572.5	WOTH
206	Spectrogram 1	1	260.37543136700003	262.029238375	4685.6	7258.1	BTNW
207	Spectrogram 1	1	261.021666879	261.60536347	1561.9	2940.0	WOTH
208	Spectrogram 1	1	263.189682789	263.523223698	2848.1	4869.4	EATO
209	Spectrogram 1	1	263.606608926	264.058278907	1653.8	2848.1	WOTH
210	Spectrogram 1	1	265.940172	266.454380901	1561.9	4777.5	WOTH
211	Spectrogram 1	1	266.607253818	266.91994842099996	2756.2	5145.0	EATO
212	Spectrogram 1	1	267.177052872	268.156829293	1653.8	6982.5	WOTH
213	Spectrogram 1	1	267.858032228	269.48108499	1653.8	3766.9	SCTA
214	Spectrogram 1	1	268.886450032	269.546583082	2021.2	5971.9	WOTH
215	Spectrogram 1	1	270.734354439	271.095690424	1745.6	6063.8	WOTH
216	Spectrogram 1	1	271.102639193	271.324999799	2664.4	4410.0	EATO
217	Spectrogram 1	1	272.35341760299997	272.728651126	1470.0	5880.0	WOTH
218	Spectrogram 1	1	272.951011732	274.47974089900003	4685.6	7166.2	BTNW
219	Spectrogram 1	1	273.069140804	274.264329062	1194.4	10198.1	WOTH
220	Spectrogram 1	1	274.326867983	274.56312612700003	2848.1	4134.4	EATO
221	Spectrogram 1	1	274.517477661	278.814315268	735.0	1929.4	AMCR
222	Spectrogram 1	1	274.632613816	275.084283798	1653.8	6431.2	WOTH
223	Spectrogram 1	1	277.076133855	277.50695753	1837.5	6247.5	WOTH
224	Spectrogram 1	1	278.417246261	278.86196747400004	2296.9	4501.9	EATO
225	Spectrogram 1	1	279.355330069	279.827846357	2021.2	6431.2	WOTH
226	Spectrogram 1	1	280.293413876	280.682544937	1194.4	2296.9	WOTH
227	Spectrogram 1	1	280.692980997	281.881220487	1653.8	9003.8	WOTH
228	Spectrogram 1	1	281.90901556200004	282.680328915	3307.5	8636.2	AMRE
229	Spectrogram 1	1	282.01772328	292.326287685	735.0	2021.2	AMCR
230	Spectrogram 1	1	282.152222475	282.437122002	2388.8	3491.2	EATO
231	Spectrogram 1	1	282.556266208	283.855686	2205.0	4869.4	KEWA
232	Spectrogram 1	1	283.935583508	285.179413149	1470.0	8176.9	WOTH
233	Spectrogram 1	1	284.526228868	285.261954304	1561.9	5236.9	WOTH
234	Spectrogram 1	1	286.38654739099997	286.907705062	1837.5	7166.2	WOTH
235	Spectrogram 1	1	287.058105535	287.746033661	2113.1	3950.6	SCTA
236	Spectrogram 1	1	287.961445498	288.746656389	2296.9	8360.6	WOTH
237	Spectrogram 1	1	289.316455442	290.393514628	2021.2	5328.8	OVEN
238	Spectrogram 1	1	290.400463397	291.032801371	2021.2	7166.2	WOTH
239	Spectrogram 1	1	291.647286098	293.391427103	4410.0	7166.2	BTNW
240	Spectrogram 1	1	292.02946839	293.377529565	1745.6	8636.2	WOTH
241	Spectrogram 1	1	292.363009299	293.050937425	1470.0	6615.0	WOTH
242	Spectrogram 1	1	293.057886193	293.266349262	2480.6	4410.0	EATO
243	Spectrogram 1	1	294.364254755	294.871514888	1470.0	7441.9	WOTH
244	Spectrogram 1	1	294.801064549	299.428944666	826.9	1561.9	AMCR
245	Spectrogram 1	1	296.315896179	296.850951387	1561.9	6890.6	WOTH
246	Spectrogram 1	1	297.087209531	298.01834457	2205.0	3675.0	SCTA
247	Spectrogram 1	1	298.046139646	298.54645101	1837.5	6247.5	WOTH
248	Spectrogram 1	1	298.81050423	299.99997732400004	1286.2	9095.6	WOTH
