Selection	View	Channel	Begin Time (s)	End Time (s)	Low Freq (Hz)	High Freq (Hz)	Species
1	Spectrogram 1	1	0.119318173	0.487499963	1620.8	3978.3	BLJA
2	Spectrogram 1	1	1.844318042	3.177272487	2920.1	4755.2	EATO
3	Spectrogram 1	1	2.938636142	4.107954235	2652.2	4889.2	EATO
4	Spectrogram 1	1	4.267755655	4.577982905	3147.8	4259.6	EATO
5	Spectrogram 1	1	6.872300912999999	7.213209977999999	3027.3	4072.1	EATO
6	Spectrogram 1	1	7.9698577	9.370993958	2906.7	5532.1	EATO
7	Spectrogram 1	1	9.613039394	11.119857462	2478.1	4982.9	EATO
8	Spectrogram 1	1	9.76190553	10.019009981	2856.7	4374.3	EATO
9	Spectrogram 1	1	14.53042592	15.488380393	2960.3	5371.4	EATO
10	Spectrogram 1	1	15.413380399000001	16.702016665	2598.6	4795.4	EATO
11	Spectrogram 1	1	16.425880322	17.448607518	2344.1	4741.8	EATO
12	Spectrogram 1	1	17.709516914	18.868607735999998	2732.6	6992.2	EATO
13	Spectrogram 1	1	20.263664715999997	21.306846455	2812.9	5545.5	EATO
14	Spectrogram 1	1	21.923891863	23.260255398	2946.9	4835.6	EATO
15	Spectrogram 1	1	22.336391831999997	22.687528169	1647.6	5063.3	BLJA
16	Spectrogram 1	1	22.769346344000002	23.103437228	1714.6	4915.9	BLJA
17	Spectrogram 1	1	23.725795373	24.864431651	2263.7	4741.8	EATO
18	Spectrogram 1	1	24.915568010999998	25.341704341999996	1607.4	5679.5	BLJA
19	Spectrogram 1	1	26.731107884	28.009516878000003	2424.5	5585.7	EATO
20	Spectrogram 1	1	28.118607779	29.189062244000002	2732.6	4982.9	EATO
21	Spectrogram 1	1	32.990511383000005	33.910965859	2183.4	5518.7	EATO
22	Spectrogram 1	1	33.402097238	33.638355382	2856.7	4374.3	EATO
23	Spectrogram 1	1	34.12232948	34.70187489	1393.1	6630.5	BLJA
24	Spectrogram 1	1	35.090511225	36.150738417	2772.8	5036.5	EATO
25	Spectrogram 1	1	35.983352275	36.440170422	1540.4	5692.8	BLJA
26	Spectrogram 1	1	36.883352207	38.274261193	2223.6	4862.4	EATO
27	Spectrogram 1	1	38.544233118	39.587414857	2799.5	5532.1	EATO
28	Spectrogram 1	1	41.206477356	42.631477248	2437.9	4956.1	EATO
29	Spectrogram 1	1	42.157613648	43.568977177	2263.7	4902.5	EATO
30	Spectrogram 1	1	45.274176267	46.242358012	2759.4	5572.3	EATO
31	Spectrogram 1	1	46.313948915	46.688948886999995	1553.8	5880.4	BLJA
32	Spectrogram 1	1	46.413262183	47.310677559	2489.5	4471.0	EATO
33	Spectrogram 1	1	47.367102366000005	48.665965904	2558.4	5009.7	EATO
34	Spectrogram 1	1	48.630624973	49.169261295	1433.3	6751.0	BLJA
35	Spectrogram 1	1	50.047471519	50.504289666000005	1567.2	5974.1	BLJA
36	Spectrogram 1	1	50.565653298	51.066789623999995	1460.0	6563.5	BLJA
37	Spectrogram 1	1	52.083522681000005	52.946022616	2839.7	5518.7	EATO
38	Spectrogram 1	1	52.240340851000006	52.625568093999995	1527.0	6911.8	BLJA
39	Spectrogram 1	1	52.96647716	54.150784473	2290.5	4460.5	EATO
40	Spectrogram 1	1	53.723295283999995	54.152840706000006	1379.7	6603.7	BLJA
41	Spectrogram 1	1	54.450255636	55.902528253	2451.3	4942.7	EATO
42	Spectrogram 1	1	55.30593738899999	55.670710088999996	1352.9	4232.8	BLJA
43	Spectrogram 1	1	56.90139181399999	57.474119044	1406.5	6536.7	BLJA
44	Spectrogram 1	1	57.83730116	59.088437428999995	2170.0	5049.9	EATO
45	Spectrogram 1	1	59.539928481000004	60.99222119	1428.3	5891.9	COYE
46	Spectrogram 1	1	61.077412365	61.973803559	1606.9	5445.5	BLJA
47	Spectrogram 1	1	61.466543426	62.400482958999994	2678.1	3570.8	EATO
48	Spectrogram 1	1	63.112812483999996	63.491221546000006	2920.1	4500.7	EATO
49	Spectrogram 1	1	63.55465289399999	64.343494209	776.9	5411.6	BLJA
50	Spectrogram 1	1	64.48982954600001	65.989829433	2504.9	5049.9	EATO
51	Spectrogram 1	1	64.687556804	67.82051111199999	1888.7	2692.4	NOFL
52	Spectrogram 1	1	66.504602121	66.91369299899999	1540.4	6710.9	BLJA
53	Spectrogram 1	1	68.19409078	68.57590893300001	1687.8	5947.4	BLJA
54	Spectrogram 1	1	69.92332364100001	70.622187225	830.5	6603.7	BLJA
55	Spectrogram 1	1	70.550596321	71.866505312	2411.1	5009.7	EATO
56	Spectrogram 1	1	71.76613624	72.284318019	1299.3	6402.8	BLJA
57	Spectrogram 1	1	71.961226495	73.462901557	2438.7	5233.1	COYE
58	Spectrogram 1	1	72.369545285	73.15022704399999	736.7	5036.5	BLJA
59	Spectrogram 1	1	74.230689667	75.205881042	2794.4	5741.1	EATO
60	Spectrogram 1	1	74.514687348	75.339687285	843.9	6724.3	BLJA
61	Spectrogram 1	1	76.36224406	77.67474396	2277.1	5023.1	EATO
62	Spectrogram 1	1	77.750653137	78.899516687	2518.2	4942.7	EATO
63	Spectrogram 1	1	78.855198508	79.172243939	2504.9	4473.9	EATO
64	Spectrogram 1	1	80.68894857800001	81.667357595	1821.7	5532.1	EATO
65	Spectrogram 1	1	81.43213034	82.720766607	843.9	4835.6	EATO
66	Spectrogram 1	1	82.499175714	83.436675643	2263.7	4822.2	EATO
67	Spectrogram 1	1	83.936855834	85.375251006	2142.5	5267.0	COYE
68	Spectrogram 1	1	85.395141763	86.38377805200001	1861.9	4835.6	EATO
69	Spectrogram 1	1	85.913323542	86.95650528200001	2746.0	5103.5	EATO
70	Spectrogram 1	1	86.67355075799999	87.54286887399998	2759.4	5411.6	EATO
71	Spectrogram 1	1	87.394772532	88.79931788	1674.4	5009.7	EATO
72	Spectrogram 1	1	88.662954254	89.886817798	1594.0	4835.6	EATO
73	Spectrogram 1	1	93.378209968	94.49639170100001	1888.7	5438.3	EATO
74	Spectrogram 1	1	93.985028104	95.20548255700001	2478.1	4996.3	EATO
75	Spectrogram 1	1	95.873828816	97.444250598	1606.9	5802.6	COYE
76	Spectrogram 1	1	96.83275893	97.249685067	1696.2	2142.5	BLJA
77	Spectrogram 1	1	97.433437259	98.50048263299999	1768.1	4889.2	EATO
78	Spectrogram 1	1	98.89218735799999	99.614914576	1701.2	2357.5	BLJA
79	Spectrogram 1	1	99.58619744200001	100.52549220200001	2896.0	5690.3	EATO
80	Spectrogram 1	1	101.00923265200001	102.11036893299999	1888.7	4835.6	EATO
81	Spectrogram 1	1	101.37400535200001	101.84445986200001	1754.7	2303.9	BLJA
82	Spectrogram 1	1	102.61332376600001	103.083778275	1727.9	2344.1	BLJA
83	Spectrogram 1	1	103.503096426	103.78605095	1955.7	3737.2	EATO
84	Spectrogram 1	1	104.32809636299999	105.47695991299999	1875.3	4915.9	EATO
85	Spectrogram 1	1	105.844690095	107.57493356200001	2053.2	5891.9	COYE
86	Spectrogram 1	1	107.58210207	108.693465623	2558.4	5049.9	EATO
87	Spectrogram 1	1	108.113835072	108.601335035	1741.3	2384.3	BLJA
88	Spectrogram 1	1	108.11392021200001	109.542329195	1701.2	4862.4	EATO
89	Spectrogram 1	1	110.66690327	110.99417597200001	1848.5	3831.0	EATO
90	Spectrogram 1	1	111.76803955	112.18053951899999	1861.9	2411.1	BLJA
91	Spectrogram 1	1	112.239403243	113.34735770399999	1848.5	4862.4	EATO
92	Spectrogram 1	1	112.74735775	113.18713044399999	1714.6	2196.8	BLJA
93	Spectrogram 1	1	114.05960209	115.535738342	2612.0	5371.4	EATO
94	Spectrogram 1	1	114.683465679	115.239147455	1835.1	2411.1	BLJA
95	Spectrogram 1	1	116.57400554700001	117.726278187	1580.6	4969.5	EATO
96	Spectrogram 1	1	117.399439663	118.823338726	2540.3	5741.1	COYE
97	Spectrogram 1	1	118.23082360299999	118.772869017	1754.7	2357.5	BLJA
98	Spectrogram 1	1	120.818977029	121.967840579	1701.2	5076.7	EATO
99	Spectrogram 1	1	121.892840585	122.315567825	1754.7	2344.1	BLJA
100	Spectrogram 1	1	122.142233295	122.41145790799999	3099.2	4420.2	EATO
101	Spectrogram 1	1	124.191221447	125.03326683799999	2049.4	2879.9	BLJA
102	Spectrogram 1	1	124.961675935	126.134403119	1781.5	4915.9	EATO
103	Spectrogram 1	1	126.144630391	127.03099396	2076.2	2853.1	BLJA
104	Spectrogram 1	1	128.53613616299998	129.37136337200002	2049.4	2772.8	BLJA
105	Spectrogram 1	1	129.865681517	131.00090870399998	1875.3	4942.7	EATO
106	Spectrogram 1	1	130.24749967	131.171363236	1969.1	2786.1	BLJA
107	Spectrogram 1	1	132.530345051	133.06281150700002	965.3	4979.0	BLJA
108	Spectrogram 1	1	133.058238453	133.648011135	1714.6	2920.1	BLJA
109	Spectrogram 1	1	133.40382935	133.77476103799998	914.5	5436.3	BLJA
110	Spectrogram 1	1	133.542329325	134.57528379200002	1875.3	4929.3	EATO
111	Spectrogram 1	1	133.83210203	134.530965614	1754.7	2558.4	BLJA
112	Spectrogram 1	1	134.506620439	135.708757466	1606.9	5267.0	COYE
113	Spectrogram 1	1	134.619601971	135.38664736799998	1835.1	2826.3	BLJA
114	Spectrogram 1	1	135.677691238	136.922107226	3810.5	7011.3	EATO
115	Spectrogram 1	1	135.932925915	137.705653053	1808.3	2973.7	BLJA
116	Spectrogram 1	1	136.061873669	137.208420545	2856.7	5267.0	EATO
117	Spectrogram 1	1	137.68178941899998	138.772698427	1888.7	4929.3	EATO
118	Spectrogram 1	1	138.199971198	139.069289314	1835.1	2826.3	BLJA
119	Spectrogram 1	1	141.731107712	142.787925814	1808.3	4982.9	EATO
120	Spectrogram 1	1	142.599175661	143.71394830399998	1647.6	5023.1	EATO
121	Spectrogram 1	1	143.557130134	144.610539146	1835.1	7246.7	EATO
122	Spectrogram 1	1	144.426362969	145.070681102	1761.7	2576.3	BLJA
123	Spectrogram 1	1	145.935084684	147.036220964	1667.0	4982.1	EATO
124	Spectrogram 1	1	146.865766431	147.411220936	1818.6	2557.3	BLJA
125	Spectrogram 1	1	148.93457347700001	149.347073446	871.4	4641.1	BLJA
126	Spectrogram 1	1	149.343664355	150.052755211	1742.8	7350.0	EATO
127	Spectrogram 1	1	150.46525518	150.799346063	1780.7	2311.1	BLJA
128	Spectrogram 1	1	150.632300621	151.685709633	2008.0	4982.1	EATO
129	Spectrogram 1	1	151.385709655	152.026618698	871.4	2159.5	BLJA
130	Spectrogram 1	1	154.291988116	155.041988059	890.3	2386.9	BLJA
131	Spectrogram 1	1	154.97721533700002	156.013578895	1856.4	4963.1	EATO
132	Spectrogram 1	1	156.737130156	157.459857374	2784.7	5474.6	EATO
133	Spectrogram 1	1	157.923493703	158.854175451	2235.3	7406.8	EATO
134	Spectrogram 1	1	159.339175506	160.559629959	1894.3	4944.2	EATO
135	Spectrogram 1	1	161.900141488	162.551277803	1648.1	2386.9	BLJA
136	Spectrogram 1	1	163.416846128	164.357755148	2727.8	5588.3	EATO
137	Spectrogram 1	1	164.255482428	165.308891439	1818.6	5001.0	EATO
138	Spectrogram 1	1	164.920255105	165.308891439	814.6	7103.7	BLJA
139	Spectrogram 1	1	166.3267041	169.408522049	1439.7	8259.3	BLJA
140	Spectrogram 1	1	169.505965374	170.53210166	1856.4	4963.1	EATO
141	Spectrogram 1	1	170.034374425	170.327556221	1477.6	7141.6	BLJA
142	Spectrogram 1	1	171.363664218	172.379573232	1799.6	7255.3	EATO
143	Spectrogram 1	1	171.752130131	172.089630105	1894.3	4944.2	BLJA
144	Spectrogram 1	1	171.808874821	172.867824965	2845.2	4979.0	EATO
145	Spectrogram 1	1	174.53028345099997	175.658692457	1875.4	5020.0	EATO
146	Spectrogram 1	1	177.653749391	178.07306754099997	1799.6	6478.6	BLJA
147	Spectrogram 1	1	179.426220969	180.765993595	1818.6	5512.5	EATO
148	Spectrogram 1	1	180.79326632	181.23985719599997	1837.5	6440.7	BLJA
149	Spectrogram 1	1	182.244988891	183.54923257099998	2184.7	5588.7	COYE
150	Spectrogram 1	1	183.187186861	183.613323192	1799.6	6459.7	BLJA
151	Spectrogram 1	1	184.455368583	185.556504864	1799.6	5038.9	EATO
152	Spectrogram 1	1	185.67996660900002	186.328862998	1875.4	6478.6	BLJA
153	Spectrogram 1	1	186.049317564	187.07886294099998	2841.5	5114.7	EATO
154	Spectrogram 1	1	188.93747111	189.367016532	1723.8	6421.8	BLJA
155	Spectrogram 1	1	189.482925614	190.62156189200002	1761.7	4963.1	EATO
156	Spectrogram 1	1	190.382925546	190.819289149	1837.5	6535.4	BLJA
157	Spectrogram 1	1	192.241703994	193.33261300200002	1780.7	7274.2	EATO
158	Spectrogram 1	1	193.17238574200002	194.225794753	2765.7	4963.1	EATO
159	Spectrogram 1	1	194.427755144	194.785709663	1932.2	8638.1	BLJA
160	Spectrogram 1	1	194.547073317	195.71980050099998	1913.3	4925.3	EATO
161	Spectrogram 1	1	195.957755263	197.531223555	2337.1	6198.4	COYE
162	Spectrogram 1	1	196.78201648	197.187698268	1629.1	6421.8	BLJA
163	Spectrogram 1	1	198.56130624	199.66926070099998	1837.5	4982.1	EATO
164	Spectrogram 1	1	200.626874474	201.55073804	2708.9	5057.9	EATO
165	Spectrogram 1	1	201.54732895	201.874601652	1648.1	6649.1	BLJA
166	Spectrogram 1	1	201.629147125	202.638237958	1837.5	7368.9	EATO
167	Spectrogram 1	1	203.025539128	204.191448131	1875.4	4982.1	EATO
168	Spectrogram 1	1	204.67553900299998	205.302811683	1761.7	6459.7	BLJA
169	Spectrogram 1	1	206.96244256900002	208.087442484	1818.6	4944.2	EATO
170	Spectrogram 1	1	207.316987997	208.37721518900003	1572.3	7406.8	EATO
171	Spectrogram 1	1	207.96130613	208.336306102	1420.7	5588.3	BLJA
172	Spectrogram 1	1	209.72130608900002	210.08607878799998	1780.7	6573.3	BLJA
173	Spectrogram 1	1	211.01758457900002	212.149402675	1780.7	4849.5	EATO
174	Spectrogram 1	1	212.814175352	213.236902593	1723.8	7596.3	BLJA
175	Spectrogram 1	1	214.080766491	215.079630052	2595.2	5114.7	EATO
176	Spectrogram 1	1	214.59553918	215.59440274099998	1686.0	7331.1	EATO
177	Spectrogram 1	1	215.96258453099998	217.14212989599997	1667.0	4906.3	EATO
178	Spectrogram 1	1	216.86940264400002	217.25462988799998	1629.1	6649.1	BLJA
179	Spectrogram 1	1	220.093806139	220.523351561	947.2	6516.5	BLJA
180	Spectrogram 1	1	220.77903336	221.83244237099998	1913.3	5001.0	EATO
181	Spectrogram 1	1	223.065027743	223.480936803	1818.6	6421.8	BLJA
182	Spectrogram 1	1	224.029800398	225.13434576900002	1723.8	7387.9	EATO
183	Spectrogram 1	1	225.868039162	227.102129978	1761.7	6516.5	BLJA
184	Spectrogram 1	1	227.403039138	228.558720869	1932.2	5057.9	EATO
185	Spectrogram 1	1	228.48346531400003	229.922101568	2367.9	5209.4	EATO
186	Spectrogram 1	1	228.67122086	229.070084466	1136.6	7747.8	BLJA
187	Spectrogram 1	1	230.160737914	230.56641970200002	1837.5	6573.3	BLJA
188	Spectrogram 1	1	230.44028334700002	231.483465087	1629.1	7331.1	EATO
189	Spectrogram 1	1	232.870539142	233.845539068	1989.0	4925.3	BLJA
190	Spectrogram 1	1	234.4702267	235.59863570599998	1704.9	5001.0	EATO
191	Spectrogram 1	1	235.145611506	235.55558887400002	1517.6	6873.9	BLJA
192	Spectrogram 1	1	235.604230256	236.68954471400002	1818.6	5095.7	EATO
193	Spectrogram 1	1	236.63698805	237.68357888	1667.0	7368.9	EATO
194	Spectrogram 1	1	237.03926074700001	238.31085156	795.6	4773.7	BLJA
195	Spectrogram 1	1	239.569544914	240.64681756	1856.4	4944.2	EATO
196	Spectrogram 1	1	240.07409033	241.02181753099998	966.1	2879.4	BLJA
197	Spectrogram 1	1	242.33855056599998	243.41582321200002	1704.9	7368.9	EATO
198	Spectrogram 1	1	243.484005025	243.934004991	1780.7	6592.3	BLJA
199	Spectrogram 1	1	244.939431172	246.050794724	1723.8	4982.1	EATO
200	Spectrogram 1	1	245.512158402	247.192840093	719.8	4906.3	BLJA
201	Spectrogram 1	1	247.27880626200002	247.773124407	1818.6	8505.5	BLJA
202	Spectrogram 1	1	248.809487965	249.82880607	1686.0	7350.0	EATO
203	Spectrogram 1	1	249.442158522	250.362612998	890.3	4925.3	BLJA
204	Spectrogram 1	1	250.31829481900002	250.700112972	1667.0	6478.6	BLJA
205	Spectrogram 1	1	251.027385675	252.14215831799999	1742.8	4963.1	EATO
206	Spectrogram 1	1	252.77016990099997	253.20653350400002	1856.4	6611.2	BLJA
207	Spectrogram 1	1	254.83607883599998	255.85198785	1818.6	7387.9	EATO
208	Spectrogram 1	1	254.87897671	255.884658452	909.3	2898.3	BLJA
209	Spectrogram 1	1	256.096022072	256.39943114	2689.9	3656.1	EATO
210	Spectrogram 1	1	256.65852203	257.040340183	1761.7	6497.6	BLJA
211	Spectrogram 1	1	257.335510765	258.50823794900003	1648.1	5038.9	EATO
212	Spectrogram 1	1	259.939715323	260.410169832	1686.0	6478.6	BLJA
213	Spectrogram 1	1	262.025738101	263.034828934	1856.4	4925.3	EATO
214	Spectrogram 1	1	262.332556259	263.310965276	1799.6	7312.1	EATO
215	Spectrogram 1	1	263.031419843	264.139374305	2500.5	5057.9	EATO
216	Spectrogram 1	1	264.228834705	264.69588012400004	1307.1	6592.3	BLJA
217	Spectrogram 1	1	264.958380104	265.350425529	1856.4	6535.4	BLJA
218	Spectrogram 1	1	265.89588003299997	266.690198155	852.4	5531.4	BLJA
219	Spectrogram 1	1	266.61519816099997	267.685652625	1913.3	4982.1	EATO
220	Spectrogram 1	1	269.11471537200003	270.13062438599997	1704.9	7425.8	EATO
221	Spectrogram 1	1	269.465851709	270.55676071700003	909.3	2879.4	BLJA
222	Spectrogram 1	1	270.185169836	270.631760712	1894.3	6573.3	BLJA
223	Spectrogram 1	1	272.431334736	273.42678920599997	1667.0	4887.4	EATO
224	Spectrogram 1	1	273.317698305	273.679061914	1667.0	6459.7	BLJA
225	Spectrogram 1	1	273.854114149	275.451513518	2387.9	6198.4	COYE
226	Spectrogram 1	1	273.92792553099997	274.930198183	871.4	4811.6	BLJA
227	Spectrogram 1	1	275.542243775	276.650198237	1629.1	7406.8	EATO
228	Spectrogram 1	1	275.94451647200003	276.268380084	1818.6	6042.9	BLJA
229	Spectrogram 1	1	276.391107347	277.48542544599997	2557.3	5436.7	EATO
230	Spectrogram 1	1	276.489970976	276.82406186	1970.1	6232.3	BLJA
231	Spectrogram 1	1	277.304743642	278.433152647	1458.6	4906.3	EATO
232	Spectrogram 1	1	278.947414214	279.220141466	1345.0	3826.5	BLJA
233	Spectrogram 1	1	279.196277832	279.55423235	2595.2	4243.3	EATO
234	Spectrogram 1	1	279.959914137	280.276959568	1496.5	3769.7	BLJA
235	Spectrogram 1	1	280.505368642	280.839459526	1553.4	3769.7	BLJA
236	Spectrogram 1	1	280.972414061	281.292868582	2765.7	4660.1	EATO
237	Spectrogram 1	1	281.729971089	282.844743732	1515.5	4963.1	EATO
238	Spectrogram 1	1	282.638426437	283.069185818	863.7	3759.7	BLJA
239	Spectrogram 1	1	283.332427661	283.589686736	3150.0	5893.5	BLJA
240	Spectrogram 1	1	283.61519821900004	284.68906177400004	1515.5	7387.9	EATO
241	Spectrogram 1	1	285.67960171	286.814828897	1496.5	4925.3	EATO
242	Spectrogram 1	1	287.329601585	287.76596518900004	1761.7	6687.0	BLJA
243	Spectrogram 1	1	287.85801063599996	288.31482878400004	1856.4	6762.8	BLJA
244	Spectrogram 1	1	288.612418338	290.203686426	2142.5	5445.5	COYE
245	Spectrogram 1	1	289.863196748	290.050813509	2946.0	4106.5	EATO
246	Spectrogram 1	1	290.419970941	291.599516306	1761.7	5076.8	EATO
247	Spectrogram 1	1	291.5654254	292.598379867	1761.7	7368.9	EATO
248	Spectrogram 1	1	291.801391558	293.28093690099996	2576.3	5076.8	EATO
249	Spectrogram 1	1	293.94911866900003	294.313891368	1401.8	4584.3	BLJA
250	Spectrogram 1	1	294.310482278	294.63775498	2292.1	4300.1	EATO
251	Spectrogram 1	1	294.682982341	294.98298231900003	1326.0	4053.9	BLJA
252	Spectrogram 1	1	295.174800578	299.519295542	1060.8	2993.0	BLJA
253	Spectrogram 1	1	297.439633111	298.673723927	1667.0	4906.3	EATO
254	Spectrogram 1	1	299.423553307	299.99997732400004	1894.3	7570.2	EATO
