Selection	View	Channel	Begin Time (s)	End Time (s)	Low Freq (Hz)	High Freq (Hz)	Species
1	Spectrogram 1	1	2.14431802	3.238636119	3109.1	4120.1	BCCH
2	Spectrogram 1	1	2.423863453	3.323863385	2823.0	5607.9	EATO
3	Spectrogram 1	1	2.921590688	3.893181524	3433.4	4329.9	BCCH
4	Spectrogram 1	1	3.98147718	5.140568002	2308.0	5607.9	EATO
5	Spectrogram 1	1	5.048522554	6.07465884	3299.9	4215.4	BCCH
6	Spectrogram 1	1	5.113295277	5.6860225060000005	2174.5	3109.1	TUTI
7	Spectrogram 1	1	7.20730098	7.78684639	6294.6	7477.2	BGGN
8	Spectrogram 1	1	7.251619158	8.305028169	3376.2	4291.7	BCCH
9	Spectrogram 1	1	8.047819362	8.627305847999999	3723.3	4343.8	BCCH
10	Spectrogram 1	1	9.244431745	10.144431677	2746.7	5531.6	EATO
11	Spectrogram 1	1	9.939886238	10.959204343	3261.7	4196.4	BCCH
12	Spectrogram 1	1	10.553522555	11.719431558	2250.8	5760.5	EATO
13	Spectrogram 1	1	11.283067955	11.872840638	2231.7	3242.6	TUTI
14	Spectrogram 1	1	11.664614399000001	12.556533112999999	3518.6	4535.1	BCCH
15	Spectrogram 1	1	12.488295462	13.906477172999999	3242.6	4310.8	BCCH
16	Spectrogram 1	1	14.380170352	15.273352102999999	2632.3	5665.1	EATO
17	Spectrogram 1	1	14.925624857	15.917670236	3318.9	4310.8	BCCH
18	Spectrogram 1	1	15.389261185	16.916533797	2193.6	6828.6	COYE
19	Spectrogram 1	1	16.414971631	17.427471555	3318.9	4139.1	BCCH
20	Spectrogram 1	1	17.50928973	18.777471453	2346.2	5646.0	EATO
21	Spectrogram 1	1	17.693380625	18.743380545999997	3357.1	4406.2	BCCH
22	Spectrogram 1	1	18.889971444	19.837698645	934.6	1621.3	AMCR
23	Spectrogram 1	1	18.97178962	20.151334985	3299.9	4139.1	BCCH
24	Spectrogram 1	1	20.405426199999997	21.45201703	3223.6	4368.0	BCCH
25	Spectrogram 1	1	20.739517084000003	21.574744294000002	2784.9	5550.6	EATO
26	Spectrogram 1	1	21.997471535	22.774744203	2041.0	3166.3	TUTI
27	Spectrogram 1	1	22.048607894	23.050880546	3090.1	4062.8	BCCH
28	Spectrogram 1	1	23.49372163	24.741448809	2327.1	5722.3	EATO
29	Spectrogram 1	1	24.618721545	25.583494199	3395.2	4463.4	BCCH
30	Spectrogram 1	1	24.867585163	25.658494194	2041.0	3280.8	TUTI
31	Spectrogram 1	1	25.072130601999998	26.050539619000002	3166.3	4139.1	BCCH
32	Spectrogram 1	1	26.580767177	27.443267111999997	2746.7	5588.8	EATO
33	Spectrogram 1	1	28.394159365	28.802704154	1696.2	3049.5	NOCA
34	Spectrogram 1	1	28.744204575999998	29.756704499	3395.2	4406.2	BCCH
35	Spectrogram 1	1	30.772357953	31.938266955	2327.1	5665.1	EATO
36	Spectrogram 1	1	31.215539736999997	32.449630553	3318.9	4349.0	BCCH
37	Spectrogram 1	1	32.207585117	33.06326687	2784.9	5493.4	EATO
38	Spectrogram 1	1	33.228721729	34.005994396999995	2167.0	3136.4	TUTI
39	Spectrogram 1	1	33.709403511	34.766221613	3383.5	4334.0	BCCH
40	Spectrogram 1	1	33.997851751	34.327559579	6412.3	7487.9	BGGN
41	Spectrogram 1	1	34.820767063000005	35.9014488	3269.5	4238.9	BCCH
42	Spectrogram 1	1	36.277357954	37.337585146	3516.6	4334.0	BCCH
43	Spectrogram 1	1	36.304630679	37.156903342	7147.2	8705.9	BCCH
44	Spectrogram 1	1	36.478494302	37.675085121	2357.1	5664.6	EATO
45	Spectrogram 1	1	37.672585213000005	38.828266944	3288.5	4276.9	BCCH
46	Spectrogram 1	1	38.541903329	39.380539629	2832.3	5493.5	EATO
47	Spectrogram 1	1	39.002130566999995	39.980539584	3364.5	4295.9	BCCH
48	Spectrogram 1	1	41.806136308	42.81181805	3326.5	4410.0	BCCH
49	Spectrogram 1	1	42.723181693	43.987954325	2319.1	5759.6	EATO
50	Spectrogram 1	1	44.309082929	44.573848306	2523.5	4137.0	EATO
51	Spectrogram 1	1	44.32735794600001	45.39440332	3022.4	4124.9	BCCH
52	Spectrogram 1	1	44.722812462	45.561448762	2756.2	5455.5	EATO
53	Spectrogram 1	1	46.84417603	47.689630511000004	1843.8	3174.4	TUTI
54	Spectrogram 1	1	48.47122145300001	49.371221385	3307.5	4219.9	BCCH
55	Spectrogram 1	1	48.880312331000006	50.168948596999996	2357.1	5702.6	EATO
56	Spectrogram 1	1	49.848494076	51.00468729	4066.0	8306.8	BCCH
57	Spectrogram 1	1	50.168607897	50.997016925	2775.3	5455.5	EATO
58	Spectrogram 1	1	50.785653305	51.631107786	3326.5	4200.9	BCCH
59	Spectrogram 1	1	51.032046222	52.116054178	1542.6	2903.7	NOCA
60	Spectrogram 1	1	51.22883508899999	52.074289571	3117.4	4067.8	BCCH
61	Spectrogram 1	1	53.068238597	54.18301124	3402.5	4295.9	BCCH
62	Spectrogram 1	1	53.855738538000004	54.783011195	3098.4	4295.9	BCCH
63	Spectrogram 1	1	54.571647575	55.792102028	2376.1	5740.6	EATO
64	Spectrogram 1	1	55.585056681000005	56.362329349	3402.5	4257.9	BCCH
65	Spectrogram 1	1	56.045283919	56.900965672	2851.3	5569.5	EATO
66	Spectrogram 1	1	56.965738395	57.944147411	3288.5	4238.9	BCCH
67	Spectrogram 1	1	59.073210181	59.369801067	2661.2	3991.8	EATO
68	Spectrogram 1	1	59.611846504	60.597073701999996	3459.6	4353.0	BCCH
69	Spectrogram 1	1	60.058437379	60.856164591	3155.4	4010.8	BCCH
70	Spectrogram 1	1	60.862982773	62.035709956999995	2319.1	5759.6	EATO
71	Spectrogram 1	1	62.075113601000005	63.95693164	1292.6	2509.1	RBWO
72	Spectrogram 1	1	62.719431734	63.677386207	3136.4	4105.9	BCCH
73	Spectrogram 1	1	63.496704402	64.335340703	2775.3	5474.5	EATO
74	Spectrogram 1	1	65.659886383	67.405340796	1710.8	3706.7	CARW
75	Spectrogram 1	1	65.86784091199999	66.74397721	3098.4	4257.9	BCCH
76	Spectrogram 1	1	68.46971584100001	69.373124863	2718.2	5474.5	EATO
77	Spectrogram 1	1	68.694715824	69.881079371	2262.0	5664.6	EATO
78	Spectrogram 1	1	68.803806725	69.761761198	3193.4	4067.8	BCCH
79	Spectrogram 1	1	69.807328524	70.092076193	2895.9	4467.9	EATO
80	Spectrogram 1	1	72.478295183	73.528295104	3174.4	4143.9	BCCH
81	Spectrogram 1	1	74.026022339	74.612385931	7318.3	8782.0	BCCH
82	Spectrogram 1	1	75.105283771	76.032556429	3193.4	4200.9	BCCH
83	Spectrogram 1	1	75.90301098399999	77.1371018	2338.1	5664.6	EATO
84	Spectrogram 1	1	75.947329162	76.93255636100001	2851.3	5645.6	EATO
85	Spectrogram 1	1	76.996988382	77.856079227	3326.5	4257.9	BCCH
86	Spectrogram 1	1	77.634875956	82.129658599	1539.7	3668.7	AMRO
87	Spectrogram 1	1	77.726533782	78.790170065	3250.5	4181.9	BCCH
88	Spectrogram 1	1	78.152670113	79.59812455	2148.0	7014.2	COYE
89	Spectrogram 1	1	80.619431441	81.495567738	3155.4	4143.9	BCCH
90	Spectrogram 1	1	81.236476849	81.959204067	3117.4	4257.9	BCCH
91	Spectrogram 1	1	81.958948439	83.138493805	2395.1	5835.6	EATO
92	Spectrogram 1	1	82.204402966	83.012357451	2794.3	5531.5	EATO
93	Spectrogram 1	1	83.473323592	84.88127803100001	3174.4	4200.9	BCCH
94	Spectrogram 1	1	84.226732626	86.313096105	1349.6	3630.6	AMRO
95	Spectrogram 1	1	85.730141603	86.30286883299999	3649.7	4238.9	BCCH
96	Spectrogram 1	1	86.84232919799999	87.684374589	6348.9	8268.8	BCCH
97	Spectrogram 1	1	88.02502809399998	90.223891564	1653.7	6805.1	COYE
98	Spectrogram 1	1	88.52259071799999	90.190719771	1915.7	5512.5	EATO
99	Spectrogram 1	1	88.82543755	91.27218159200001	1539.7	4029.8	AMRO
100	Spectrogram 1	1	90.958804746	92.21561631	1524.7	3675.0	NOCA
101	Spectrogram 1	1	91.24303921299999	92.36463003799999	3136.4	4219.9	BCCH
102	Spectrogram 1	1	91.60440282299999	91.89417552799999	5588.5	7508.4	BCCH
103	Spectrogram 1	1	92.11576642	92.893039089	3478.6	4505.0	BCCH
104	Spectrogram 1	1	92.814630004	93.70781175399999	3402.5	4410.0	BCCH
105	Spectrogram 1	1	94.78124947	95.752840305	3364.5	4315.0	BCCH
106	Spectrogram 1	1	95.35738579	96.485794795	2319.1	5664.6	EATO
107	Spectrogram 1	1	96.015340285	96.843749314	2965.3	5322.4	EATO
108	Spectrogram 1	1	96.028976648	97.55284016899999	1159.5	3573.6	AMRO
109	Spectrogram 1	1	97.76718704	98.85468695799999	3535.6	4676.1	BCCH
110	Spectrogram 1	1	98.476277896	100.50127774299999	1292.6	3801.7	NOCA
111	Spectrogram 1	1	99.08309603200001	100.099005046	3345.5	4372.0	BCCH
112	Spectrogram 1	1	99.99035359700001	100.914516615	1539.7	3440.4	AMRO
113	Spectrogram 1	1	101.657698377	102.683834663	3345.5	4276.9	BCCH
114	Spectrogram 1	1	101.66110746700001	102.86110737700001	2319.1	5645.6	EATO
115	Spectrogram 1	1	102.653152847	103.63156186399999	3478.6	4562.1	BCCH
116	Spectrogram 1	1	103.373295017	104.32784040000001	3383.5	4315.0	BCCH
117	Spectrogram 1	1	104.327755118	108.656087056	1368.6	3041.4	AMRO
118	Spectrogram 1	1	104.91070962	105.71525501299999	2813.3	5550.5	EATO
119	Spectrogram 1	1	105.101618696	106.02548226299999	3326.5	4124.9	BCCH
120	Spectrogram 1	1	106.021817611	107.828635656	2071.9	6976.2	COYE
121	Spectrogram 1	1	107.972726646	108.964772026	3288.5	4315.0	BCCH
122	Spectrogram 1	1	108.685226593	109.03636293	2718.2	4181.9	EATO
123	Spectrogram 1	1	109.525936819	112.02139117600001	1577.7	3041.4	AMRO
124	Spectrogram 1	1	109.563436816	110.794118541	2357.1	5892.7	EATO
125	Spectrogram 1	1	109.713436805	110.702073094	3497.6	4391.0	BCCH
126	Spectrogram 1	1	110.667982187	111.653209385	3231.5	4257.9	BCCH
127	Spectrogram 1	1	111.264573051	112.225936615	3516.6	4505.0	BCCH
128	Spectrogram 1	1	112.49957305	113.38934571	2756.2	5398.4	EATO
129	Spectrogram 1	1	112.89477200399999	114.81678354799999	1368.6	3820.7	NOCA
130	Spectrogram 1	1	113.765765821	117.38647367899999	1602.9	3831.4	AMRO
131	Spectrogram 1	1	114.012953738	115.09022638399999	3364.5	4372.0	BCCH
132	Spectrogram 1	1	115.820680966	116.921817246	2414.1	5759.6	EATO
133	Spectrogram 1	1	116.04909003899999	116.89795361200001	3725.7	4391.0	BCCH
134	Spectrogram 1	1	116.584061711	118.46247066	2052.9	6843.1	COYE
135	Spectrogram 1	1	118.52724338200001	118.772697909	3060.4	4257.9	EATO
136	Spectrogram 1	1	119.01224343700001	119.86451609999999	2661.2	5398.4	EATO
137	Spectrogram 1	1	120.051760525	121.18357862200001	3326.5	4238.9	BCCH
138	Spectrogram 1	1	121.05345361399999	121.383161442	1993.9	2813.1	AMRO
139	Spectrogram 1	1	121.483578599	122.700623961	2338.1	5740.6	EATO
140	Spectrogram 1	1	123.166249076	124.575983778	2813.1	9067.1	BCCH
141	Spectrogram 1	1	124.103749006	124.461703524	1235.6	6653.0	BLJA
142	Spectrogram 1	1	124.86421968100001	129.13962952	1558.7	4200.9	AMRO
143	Spectrogram 1	1	125.0555588	125.545124969	4426.5	7570.6	BCCH
144	Spectrogram 1	1	125.311391139	125.64548202299999	1425.6	6653.0	BLJA
145	Spectrogram 1	1	125.42730022100001	126.357981969	2243.0	5113.3	EATO
146	Spectrogram 1	1	125.642072932	126.53525468299999	5930.7	7679.5	BCCH
147	Spectrogram 1	1	126.38184560399999	127.16593645399999	6082.8	8230.7	BCCH
148	Spectrogram 1	1	127.489800065	127.950027303	6843.1	8040.6	BCCH
149	Spectrogram 1	1	127.989146635	129.20619199799998	2395.1	5550.5	EATO
150	Spectrogram 1	1	129.09002727	130.068436287	6253.8	8553.9	BCCH
151	Spectrogram 1	1	130.412413742	130.831731892	6329.9	7622.5	BCCH
152	Spectrogram 1	1	131.046245659	131.790586059	2730.4	8770.4	BCCH
153	Spectrogram 1	1	131.046504604	132.222640878	7570.6	8420.8	BCCH
154	Spectrogram 1	1	131.358890919	133.32252713399998	1767.8	6976.2	COYE
155	Spectrogram 1	1	132.583748785	135.01783951	2186.0	3782.7	AMRO
156	Spectrogram 1	1	133.51684530100002	134.307754332	6443.9	8268.8	BCCH
157	Spectrogram 1	1	134.373521377	135.675794005	2357.1	5664.6	EATO
158	Spectrogram 1	1	135.761760175	136.828805549	3098.4	4029.8	BCCH
159	Spectrogram 1	1	136.93107826899998	137.24471460799998	2680.2	4162.9	EATO
160	Spectrogram 1	1	137.121987345	138.117441815	3478.6	8154.7	BCCH
161	Spectrogram 1	1	138.443209074	139.970481686	6462.9	8401.8	BCCH
162	Spectrogram 1	1	139.022754485	139.847754422	2433.1	5322.4	EATO
163	Spectrogram 1	1	139.602299895	142.08752698	1634.7	4200.9	AMRO
164	Spectrogram 1	1	140.226163485	142.107981524	4334.0	8306.8	BCCH
165	Spectrogram 1	1	140.50570891799998	141.381845215	2889.3	4086.9	BCCH
166	Spectrogram 1	1	141.443208847	142.704572388	2357.1	5683.6	EATO
167	Spectrogram 1	1	142.20002697200002	143.198890533	3250.5	4162.9	BCCH
168	Spectrogram 1	1	143.480254456	143.76661807	2699.2	4315.0	EATO
169	Spectrogram 1	1	143.969913485	146.785822363	1748.8	3687.7	AMRO
170	Spectrogram 1	1	144.34275439	145.822299733	6253.8	8420.8	BCCH
171	Spectrogram 1	1	144.569913439	146.519913292	2167.0	6786.1	COYE
172	Spectrogram 1	1	146.541362158	147.437952999	2699.2	5550.5	BCCH
173	Spectrogram 1	1	147.124316659	147.956134778	6443.9	8477.8	BCCH
174	Spectrogram 1	1	148.188776986	148.669458767	5265.4	7280.3	BCCH
175	Spectrogram 1	1	148.304686068	149.55923142700001	2376.1	5702.6	EATO
176	Spectrogram 1	1	148.389913334	148.983095107	6691.0	8801.0	BCCH
177	Spectrogram 1	1	149.282839524	151.873748419	1634.7	3744.7	AMRO
178	Spectrogram 1	1	149.415794059	150.312516153	4410.0	8154.7	BCCH
179	Spectrogram 1	1	150.215233388	151.743962556	3901.9	7985.2	BAWW
180	Spectrogram 1	1	151.47982799	152.618464268	3136.4	4238.9	BCCH
181	Spectrogram 1	1	152.090055217	152.89460061100002	5987.7	8192.7	BCCH
182	Spectrogram 1	1	152.272725808	153.124998471	1425.6	2509.1	NOCA
183	Spectrogram 1	1	152.771873347	153.579827832	2832.3	5284.4	EATO
184	Spectrogram 1	1	153.90568023	155.030680145	3155.4	4257.9	BCCH
185	Spectrogram 1	1	154.28749838299998	154.863634703	6539.0	8725.0	BCCH
186	Spectrogram 1	1	154.679543808	155.886361898	2338.1	5721.6	EATO
187	Spectrogram 1	1	155.136361955	156.084089156	4276.9	7793.5	BCCH
188	Spectrogram 1	1	156.535907629	158.554089295	2205.0	6748.1	COYE
189	Spectrogram 1	1	157.348265527	159.502810818	1577.7	4219.9	NOCA
190	Spectrogram 1	1	157.394998473	158.690452921	6729.1	8744.0	BCCH
191	Spectrogram 1	1	159.431219915	160.068719866	6291.9	8953.1	BCCH
192	Spectrogram 1	1	160.05008383	160.588720153	2984.4	5949.7	BCCH
193	Spectrogram 1	1	160.404629257	161.853492784	6253.8	7945.6	BCCH
194	Spectrogram 1	1	160.62962924	161.263720102	2851.3	5303.4	BCCH
195	Spectrogram 1	1	160.946674671	162.228492756	2300.0	5702.6	EATO
196	Spectrogram 1	1	161.938720051	162.698947266	6139.8	8439.8	BCCH
197	Spectrogram 1	1	162.576220002	162.978492699	3345.5	5949.7	BCCH
198	Spectrogram 1	1	163.28954399100002	164.721362065	4790.2	8686.9	BCCH
199	Spectrogram 1	1	163.384174487	163.660310829	2794.3	4315.0	EATO
200	Spectrogram 1	1	164.216816649	166.204316498	1520.7	3877.8	NOCA
201	Spectrogram 1	1	164.465680266	165.488407462	3174.4	4162.9	BCCH
202	Spectrogram 1	1	165.723379156	166.115424581	2832.3	4276.9	EATO
203	Spectrogram 1	1	166.579060909	167.707469915	2376.1	5626.6	EATO
204	Spectrogram 1	1	166.732469989	167.710879006	2870.3	5455.5	EATO
205	Spectrogram 1	1	166.919969974	167.639288102	5626.6	8154.7	BCCH
206	Spectrogram 1	1	167.88107797700002	170.23675961700002	4181.9	7185.3	BAWW
207	Spectrogram 1	1	167.891305249	169.275396054	6862.1	8801.0	BCCH
208	Spectrogram 1	1	168.037896147	168.279941584	2737.2	4391.0	EATO
209	Spectrogram 1	1	168.93281124700002	170.071447525	3174.4	4086.9	BCCH
210	Spectrogram 1	1	169.819174817	170.535083853	6653.0	8116.7	BCCH
211	Spectrogram 1	1	170.636021408	174.123521145	1444.7	4162.9	AMRO
212	Spectrogram 1	1	171.471248618	172.15647583900002	6462.9	7869.6	BCCH
213	Spectrogram 1	1	171.726501084	173.500696146	1485.6	3675.0	NOCA
214	Spectrogram 1	1	172.40874854700004	173.57465755	2357.1	5664.6	EATO
215	Spectrogram 1	1	172.436021272	172.804203063	4524.1	7356.3	BCCH
216	Spectrogram 1	1	172.456475816	173.557612097	3155.4	4200.9	BCCH
217	Spectrogram 1	1	174.198521139	174.505339298	2813.3	3915.8	EATO
218	Spectrogram 1	1	174.51764044200004	175.046049493	5816.6	7489.4	BCCH
219	Spectrogram 1	1	175.471930263	176.307157473	2718.2	5303.4	EATO
220	Spectrogram 1	1	175.546930257	176.109430215	3687.7	4200.9	BCCH
221	Spectrogram 1	1	175.598066617	176.153748393	5968.7	7242.3	BCCH
222	Spectrogram 1	1	176.603748359	176.968521059	2585.2	4162.9	EATO
223	Spectrogram 1	1	177.124998671	177.57158954599998	6329.9	8059.7	BCCH
224	Spectrogram 1	1	177.83408952599999	178.761362183	6367.9	9504.3	BCCH
225	Spectrogram 1	1	177.837498617	178.97272580400002	3269.5	4257.9	BCCH
226	Spectrogram 1	1	178.25240106200005	181.670619266	1798.4	3831.4	AMRO
227	Spectrogram 1	1	178.598379577	179.07565226900002	798.4	2414.1	WBNU
228	Spectrogram 1	1	178.611362195	180.75568021400002	4353.0	8896.0	BAWW
229	Spectrogram 1	1	179.18815226	180.374515807	2376.1	5588.5	EATO
230	Spectrogram 1	1	179.549515869	181.871106603	1444.7	3687.7	NOCA
231	Spectrogram 1	1	180.838066854	181.91533950000002	3269.5	4200.9	BCCH
232	Spectrogram 1	1	180.896106676	182.293833844	5987.7	8211.7	BCCH
233	Spectrogram 1	1	181.417612265	181.74147587599998	3079.4	4200.9	EATO
234	Spectrogram 1	1	182.26048169799998	182.72752711799998	703.3	2014.9	WBNU
235	Spectrogram 1	1	182.89798165	183.811617945	6310.9	8915.0	BCCH
236	Spectrogram 1	1	183.25917483799998	184.465992929	836.4	2433.1	WBNU
237	Spectrogram 1	1	183.913720243	184.281902034	2604.2	4238.9	EATO
238	Spectrogram 1	1	183.99886222799998	184.8477258	6272.8	7755.5	BCCH
239	Spectrogram 1	1	184.176134942	188.110225554	1653.7	3592.6	AMRO
240	Spectrogram 1	1	184.48977128200002	185.29772576599999	6615.0	8858.0	BCCH
241	Spectrogram 1	1	184.55624855	185.623293923	3212.5	4276.9	BCCH
242	Spectrogram 1	1	185.55170302	186.646021119	2319.1	5531.5	EATO
243	Spectrogram 1	1	186.33562341599998	187.67198695099998	6025.7	9295.2	BCCH
244	Spectrogram 1	1	186.93221428	187.279941526	2756.2	4200.9	EATO
245	Spectrogram 1	1	186.97994154900002	187.521986963	741.3	2262.0	WBNU
246	Spectrogram 1	1	187.746986946	188.858350498	6234.8	8839.0	BCCH
247	Spectrogram 1	1	188.159486914	189.059486846	874.4	2547.2	WBNU
248	Spectrogram 1	1	188.218350638	188.480850618	2756.2	4048.8	EATO
249	Spectrogram 1	1	189.65698689299998	190.00130504900002	2813.3	4219.9	EATO
250	Spectrogram 1	1	190.174913111	191.695367542	6215.8	8192.7	BCCH
251	Spectrogram 1	1	190.244089246	192.858861776	1615.7	3687.7	AMRO
252	Spectrogram 1	1	191.709998227	192.90999813599998	2376.1	5588.5	EATO
253	Spectrogram 1	1	191.82931639900002	192.473634532	7299.3	8896.0	BCCH
254	Spectrogram 1	1	192.347242618	194.82224243099998	1501.7	4143.9	NOCA
255	Spectrogram 1	1	192.71908905900003	193.547498088	2775.3	5322.4	EATO
256	Spectrogram 1	1	193.176645948	193.64710045799998	6310.9	7812.5	BCCH
257	Spectrogram 1	1	193.64468568900003	195.962867332	3953.8	9447.3	BAWW
258	Spectrogram 1	1	196.33528225599997	196.908009486	6386.9	8078.7	BCCH
259	Spectrogram 1	1	196.761418588	197.167100375	893.4	2680.2	WBNU
260	Spectrogram 1	1	197.53528216599997	198.71141844	2338.1	5607.5	EATO
261	Spectrogram 1	1	197.627327613	197.940963953	3079.4	4315.0	EATO
262	Spectrogram 1	1	197.93056626	199.406702512	5949.7	8515.9	BCCH
263	Spectrogram 1	1	199.66297116099997	200.52114159799999	2971.3	3675.0	BCCH
264	Spectrogram 1	1	200.18371962	200.995083195	2851.3	5455.5	EATO
265	Spectrogram 1	1	200.499219917	203.11058335599998	1500.6	3522.2	NOCA
266	Spectrogram 1	1	202.122236813	202.28133582700002	2971.3	4496.0	EATO
267	Spectrogram 1	1	202.278765238	203.32876515799998	5543.8	7398.6	BCCH
268	Spectrogram 1	1	203.73785603599998	204.95831049	1563.1	4230.8	AMRO
269	Spectrogram 1	1	204.467401436	205.75603770200001	2313.4	5585.4	EATO
270	Spectrogram 1	1	206.076492223	206.85376489200002	5877.2	7398.6	BCCH
271	Spectrogram 1	1	206.26544494400002	207.388780405	2834.4	3668.1	BCCH
272	Spectrogram 1	1	207.056118831	207.446634592	2459.3	4314.1	EATO
273	Spectrogram 1	1	208.21646906900003	209.870134575	6023.1	7961.3	BCCH
274	Spectrogram 1	1	208.61662719400002	211.53826362799998	1604.8	3605.5	NOCA
275	Spectrogram 1	1	209.33980452900002	210.20279614900002	2896.9	5293.7	EATO
276	Spectrogram 1	1	210.00994886	210.42939171400002	6023.1	7440.3	BCCH
277	Spectrogram 1	1	210.42457053200002	211.62504490799998	2355.1	5606.3	EATO
278	Spectrogram 1	1	211.66223285799998	216.270763348	1646.5	4189.1	AMRO
279	Spectrogram 1	1	213.088783073	213.850529866	6148.2	7648.7	BCCH
280	Spectrogram 1	1	213.51304711	214.626740206	312.6	1834.0	NOFL
281	Spectrogram 1	1	214.00480769700002	214.684594393	6085.6	7523.7	BCCH
282	Spectrogram 1	1	215.730612449	216.593604069	812.8	1604.8	WITU
283	Spectrogram 1	1	215.769360395	216.68056383799998	6314.9	7836.3	BCCH
284	Spectrogram 1	1	216.873232639	217.13357647900003	854.5	1479.7	WITU
285	Spectrogram 1	1	217.52409224	217.750687805	833.6	1396.4	WITU
286	Spectrogram 1	1	217.562661698	218.382262678	2876.1	5335.3	EATO
287	Spectrogram 1	1	217.97039297599997	218.254842728	937.9	1625.6	WITU
288	Spectrogram 1	1	218.078528197	218.739030163	6085.6	7336.1	BCCH
289	Spectrogram 1	1	218.60678903099998	218.92980824	896.2	1542.2	WITU
290	Spectrogram 1	1	219.47460183299998	219.759051585	854.5	1396.4	WITU
291	Spectrogram 1	1	219.89886587	220.28456044799998	2771.9	4293.3	EATO
292	Spectrogram 1	1	220.348265153	220.627893723	875.3	1479.7	WITU
293	Spectrogram 1	1	221.28839568900003	221.577666623	833.6	1375.5	WITU
294	Spectrogram 1	1	222.223705042	222.508154794	750.3	1438.0	WITU
295	Spectrogram 1	1	222.70582326599998	223.896655278	2375.9	5773.0	EATO
296	Spectrogram 1	1	223.747881386	223.882874488	896.2	1417.2	WITU
297	Spectrogram 1	1	224.649442464	224.837468571	812.8	1500.6	WITU
298	Spectrogram 1	1	226.404352797	226.790047376	2646.8	4293.3	EATO
299	Spectrogram 1	1	226.597200086	227.4891188	2917.8	3584.7	BCCH
300	Spectrogram 1	1	227.113066585	227.91820401900003	6231.5	7857.1	BCCH
301	Spectrogram 1	1	229.817224753	230.23666760700002	2250.9	4355.8	EATO
302	Spectrogram 1	1	230.17399223799998	230.728428195	3188.7	3668.1	BCCH
303	Spectrogram 1	1	231.15269223200002	232.034968581	2709.4	5314.5	EATO
304	Spectrogram 1	1	231.369645432	232.60868926700002	2375.9	5627.1	EATO
305	Spectrogram 1	1	231.576956268	232.497802075	6335.7	7982.2	BCCH
306	Spectrogram 1	1	233.04637711599997	233.79848154400003	5710.5	7315.3	BCCH
307	Spectrogram 1	1	233.649024895	234.83021454299998	2896.9	3813.9	BCCH
308	Spectrogram 1	1	234.39148695900002	235.172518481	6419.1	7857.1	BCCH
309	Spectrogram 1	1	235.943214483	236.213200688	2896.9	4251.6	EATO
310	Spectrogram 1	1	237.105119401	238.127210035	2959.5	3772.3	BCCH
311	Spectrogram 1	1	238.165779493	239.043234659	2855.2	5356.2	EATO
312	Spectrogram 1	1	238.286309049	239.55910115900002	2417.6	5564.6	EATO
313	Spectrogram 1	1	238.623791805	239.284293771	6231.5	7857.1	BCCH
314	Spectrogram 1	1	239.03462163	239.56013049400002	1875.7	2250.9	BLJA
315	Spectrogram 1	1	240.02778517099998	241.11737235599998	2917.8	3626.4	BCCH
316	Spectrogram 1	1	240.64110465	241.17143469599998	1854.9	2271.7	BLJA
317	Spectrogram 1	1	241.282321887	241.701764742	2688.5	4189.1	EATO
318	Spectrogram 1	1	244.35847337599998	245.39502755700002	2893.1	3714.1	BCCH
319	Spectrogram 1	1	244.444838945	245.572995588	2355.1	5648.0	EATO
320	Spectrogram 1	1	245.11016209299999	245.47175076099998	1896.6	2230.0	BLJA
321	Spectrogram 1	1	246.942211342	247.77145468700002	2667.7	5252.0	EATO
322	Spectrogram 1	1	247.316877244	247.938809753	5856.4	7356.9	BCCH
323	Spectrogram 1	1	247.625432907	248.49324571	6898.4	7919.7	BCCH
324	Spectrogram 1	1	249.72264718	250.494036337	6773.4	7878.0	BCCH
325	Spectrogram 1	1	250.277083137	250.696525991	2834.4	4209.9	EATO
326	Spectrogram 1	1	251.178644214	252.470721053	2355.1	5668.8	EATO
327	Spectrogram 1	1	251.390776233	252.123595932	5898.1	7336.1	BCCH
328	Spectrogram 1	1	252.336410708	253.344037795	3001.1	3709.7	BCCH
329	Spectrogram 1	1	252.847456025	253.218687057	2855.2	4105.7	EATO
330	Spectrogram 1	1	253.295825973	254.819319559	1896.6	5293.7	EATO
331	Spectrogram 1	1	255.71811812599998	255.886136832	1959.1	4084.9	EATO
332	Spectrogram 1	1	255.99036836599998	256.448987116	1905.6	2359.3	BLJA
333	Spectrogram 1	1	256.523255559	257.227148165	6044.0	7211.1	BCCH
334	Spectrogram 1	1	257.969610229	259.184548152	2250.9	5668.8	EATO
335	Spectrogram 1	1	258.72653584	259.155621059	2876.1	4230.8	EATO
336	Spectrogram 1	1	259.637739282	260.134321052	3084.5	3668.1	BCCH
337	Spectrogram 1	1	259.796838296	260.312704795	5856.4	7440.3	BCCH
338	Spectrogram 1	1	260.309427759	261.133849921	2834.4	5356.2	EATO
339	Spectrogram 1	1	261.471332677	261.876311985	2730.2	4147.4	EATO
340	Spectrogram 1	1	262.262006564	262.869475525	1854.9	2230.0	BLJA
341	Spectrogram 1	1	264.239027459	265.42503828900004	2334.2	5606.3	EATO
342	Spectrogram 1	1	265.391290014	265.723951588	2688.5	4293.3	EATO
343	Spectrogram 1	1	266.553194932	267.47404073900003	2959.5	3647.2	BCCH
344	Spectrogram 1	1	266.746042221	267.261908721	6002.3	7419.5	BCCH
345	Spectrogram 1	1	267.396901823	268.303284083	2709.4	5335.3	EATO
346	Spectrogram 1	1	267.960980145	268.264714625	2792.7	4209.9	EATO
347	Spectrogram 1	1	269.237038749	269.723978155	1917.4	2375.9	BLJA
348	Spectrogram 1	1	270.283235294	271.261935288	3001.1	3709.7	BCCH
349	Spectrogram 1	1	271.22353392	271.585122587	2626.0	4189.1	EATO
350	Spectrogram 1	1	272.014207806	273.156827996	2334.2	5627.1	EATO
351	Spectrogram 1	1	273.00737134599996	273.749833411	6585.8	7732.1	BCCH
352	Spectrogram 1	1	273.108616173	274.019819616	2771.9	5543.8	EATO
353	Spectrogram 1	1	274.152396928	274.755044707	1875.7	2417.6	BLJA
354	Spectrogram 1	1	274.475416138	275.507149136	2959.5	3668.1	BCCH
355	Spectrogram 1	1	275.097348646	275.454116131	2646.8	4209.9	EATO
356	Spectrogram 1	1	275.849453074	276.321928933	2417.6	3272.1	EATO
357	Spectrogram 1	1	277.98419707	278.389176378	1854.9	2396.7	BLJA
358	Spectrogram 1	1	278.418103471	279.719822675	2959.5	3709.7	BCCH
359	Spectrogram 1	1	278.45185174700003	279.705359128	2313.4	5648.0	EATO
360	Spectrogram 1	1	280.77548309599996	281.233495408	2584.3	4168.2	EATO
361	Spectrogram 1	1	281.209389497	281.69150772	5856.4	7377.8	BCCH
362	Spectrogram 1	1	281.725255996	282.14469885	1896.6	2521.8	BLJA
363	Spectrogram 1	1	282.245943677	282.993226924	2876.1	3730.6	BCCH
364	Spectrogram 1	1	283.08482938599997	284.034602286	2813.6	5356.2	EATO
365	Spectrogram 1	1	284.70146958099997	285.901943957	2334.2	5668.8	EATO
366	Spectrogram 1	1	286.008009966	286.359956269	1896.6	2271.7	BLJA
367	Spectrogram 1	1	286.01868166599996	287.103447669	3001.1	3647.2	BCCH
368	Spectrogram 1	1	286.038276277	287.33383508099996	2250.9	5629.8	EATO
369	Spectrogram 1	1	288.04254886900003	288.418601083	2980.3	4189.1	EATO
370	Spectrogram 1	1	288.9403181	289.919018094	2938.6	3626.4	BCCH
371	Spectrogram 1	1	289.967229916	290.454169322	1875.7	2375.9	BLJA
372	Spectrogram 1	1	291.18681053299997	292.319788358	2292.5	5689.7	EATO
373	Spectrogram 1	1	291.72344248	292.854939586	2167.5	5535.2	EATO
374	Spectrogram 1	1	292.464423825	293.375627268	2917.8	5377.0	EATO
375	Spectrogram 1	1	293.578116922	293.939705589	1813.2	2313.4	BLJA
376	Spectrogram 1	1	295.489878568	296.323943095	6231.5	7690.4	BCCH
377	Spectrogram 1	1	297.211040626	298.199382984	3147.0	3668.1	BCCH
378	Spectrogram 1	1	297.398419866	298.546508105	2292.5	5535.2	EATO
379	Spectrogram 1	1	298.638110567	299.88197558400003	2396.7	5689.7	EATO
380	Spectrogram 1	1	298.671858843	299.072016968	1854.9	2292.5	BLJA
