Selection	View	Channel	Begin Time (s)	End Time (s)	Low Freq (Hz)	High Freq (Hz)	Species
1	Spectrogram 1	1	0.0	0.90638226	2681.2	4822.2	BHVI
2	Spectrogram 1	1	1.7500891509999998	2.931278799	1920.9	8663.9	EATO
3	Spectrogram 1	1	3.254298008	4.208892091	2701.2	4682.1	BHVI
4	Spectrogram 1	1	3.976782187	4.907270359	1120.5	1720.8	AMCR
5	Spectrogram 1	1	4.536039327	5.572246643	1640.7	4942.2	EATO
6	Spectrogram 1	1	5.63010083	7.5540994060000015	1220.6	4922.2	NOCA
7	Spectrogram 1	1	6.660662972000001	7.752120787999999	2650.1	3567.4	BHVI
8	Spectrogram 1	1	7.8967393810000015	16.579688585	1020.5	1640.7	AMCR
9	Spectrogram 1	1	8.892228856000001	9.281430868	2989.8	4450.8	EATO
10	Spectrogram 1	1	10.994175677000001	12.136795867	1760.8	4922.2	EATO
11	Spectrogram 1	1	12.232526213	13.428179407	2481.1	4722.1	BHVI
12	Spectrogram 1	1	13.774957969	14.474029393	2181.0	3941.8	EATO
13	Spectrogram 1	1	15.727536774	16.831587505999998	1740.8	8724.0	EATO
14	Spectrogram 1	1	17.314735065	18.505567077000002	1920.9	4982.3	EATO
15	Spectrogram 1	1	17.705250826	24.334376398000003	960.4	1640.7	AMCR
16	Spectrogram 1	1	20.639281527999998	22.490615505999997	2641.2	4922.2	BHVI
17	Spectrogram 1	1	23.030587917	24.115353919	1820.8	8643.9	EATO
18	Spectrogram 1	1	24.378103151999998	25.308591323	2501.1	5202.4	BHVI
19	Spectrogram 1	1	27.801825296	29.079438588000002	2761.3	5282.4	BHVI
20	Spectrogram 1	1	29.026405583000003	30.246164689	1860.8	4902.2	EATO
21	Spectrogram 1	1	31.181295554000002	32.270882739	1820.8	8683.9	EATO
22	Spectrogram 1	1	32.902457612	34.319885189000004	2741.2	4902.2	BHVI
23	Spectrogram 1	1	34.389787131999995	36.366471848	1000.5	3981.8	NOCA
24	Spectrogram 1	1	35.797572344	36.940192534	1780.8	4942.2	EATO
25	Spectrogram 1	1	38.560792379	39.611810106	1820.8	8263.7	EATO
26	Spectrogram 1	1	41.402012860999996	42.539811869	1800.8	5002.3	EATO
27	Spectrogram 1	1	41.990767981	43.60047196	2681.2	4622.1	BHVI
28	Spectrogram 1	1	42.568738962	43.084605461	1600.7	2621.2	NOCA
29	Spectrogram 1	1	44.989655201000005	46.069600021999996	1620.7	8283.8	EATO
30	Spectrogram 1	1	45.601945345	46.392619232	1740.8	2601.2	NOCA
31	Spectrogram 1	1	45.845983864	47.135081296	2721.2	4762.2	BHVI
32	Spectrogram 1	1	47.133526751000005	48.324358763	1800.8	4902.2	EATO
33	Spectrogram 1	1	49.028251368999996	51.033863178999994	1120.5	4181.9	NOCA
34	Spectrogram 1	1	51.882900619	52.914633617	1780.8	8183.7	EATO
35	Spectrogram 1	1	52.19765352	53.316167799	1680.8	4982.3	EATO
36	Spectrogram 1	1	53.051002776000004	54.121305232	2681.2	4542.1	BHVI
37	Spectrogram 1	1	55.72606576	57.186883977	2981.4	5422.5	COYE
38	Spectrogram 1	1	56.478170189	58.025769686000004	1020.5	1680.8	AMCR
39	Spectrogram 1	1	58.16575206	59.327656979	1920.9	4962.3	EATO
40	Spectrogram 1	1	59.062491956	61.733426914	1080.5	3941.8	NOCA
41	Spectrogram 1	1	59.115524961000006	59.814596385	2781.3	4802.2	BHVI
42	Spectrogram 1	1	59.636212642	60.735442192	1780.8	8724.0	EATO
43	Spectrogram 1	1	64.7339145	65.837965231	1820.8	4942.2	EATO
44	Spectrogram 1	1	65.071397256	66.744347492	2841.3	4682.1	BHVI
45	Spectrogram 1	1	66.315262273	67.448240098	1860.8	8603.9	EATO
46	Spectrogram 1	1	68.640269678	71.214780991	1220.6	3681.7	NOCA
47	Spectrogram 1	1	68.833116967	70.274650455	2741.2	4562.1	BHVI
48	Spectrogram 1	1	70.50124602	71.61976029899999	1840.8	4962.3	EATO
49	Spectrogram 1	1	72.333116638	73.45645209899999	1600.7	8463.8	EATO
50	Spectrogram 1	1	73.186465894	74.28569544300001	2781.3	4582.1	BHVI
51	Spectrogram 1	1	75.765619758	77.390358171	1720.8	4922.2	EATO
52	Spectrogram 1	1	76.632895321	77.690509484	2378.3	4043.1	BHVI
53	Spectrogram 1	1	77.49642418	79.40079116300001	2901.3	5402.5	COYE
54	Spectrogram 1	1	77.896582306	80.866430562	1260.6	3901.8	NOCA
55	Spectrogram 1	1	78.986169491	80.02272367100001	1860.8	8623.9	EATO
56	Spectrogram 1	1	81.27966592199999	82.22461764	2521.1	4922.2	BHVI
57	Spectrogram 1	1	82.234260005	83.265993003	1820.8	5022.3	EATO
58	Spectrogram 1	1	85.273495537	86.90787631399998	2641.2	6743.1	BHVI
59	Spectrogram 1	1	85.678474844	86.71985020700001	1720.8	8703.9	EATO
60	Spectrogram 1	1	86.69013556600002	87.11269842700001	1615.7	2471.1	BLJA
61	Spectrogram 1	1	88.04997143700001	89.07688325299999	1780.8	4942.2	EATO
62	Spectrogram 1	1	88.324778825	90.663052209	1180.5	3761.7	NOCA
63	Spectrogram 1	1	88.561856021	89.033554099	2186.0	2946.3	BLJA
64	Spectrogram 1	1	89.573465023	90.84143595100001	3041.4	5322.4	COYE
65	Spectrogram 1	1	91.05322818299999	91.36205151899999	1732.7	2242.4	BLJA
66	Spectrogram 1	1	91.85388422	92.885617219	1860.8	8503.9	EATO
67	Spectrogram 1	1	94.048373127	97.384631233	1220.6	3981.8	NOCA
68	Spectrogram 1	1	94.091763767	95.13313913	1600.7	4922.2	EATO
69	Spectrogram 1	1	96.737038269	97.672347623	2060.9	2881.3	BLJA
70	Spectrogram 1	1	98.255710673	99.258516578	1740.8	8523.9	EATO
71	Spectrogram 1	1	99.027099831	100.049190465	1880.9	4922.2	EATO
72	Spectrogram 1	1	99.10423874700001	100.087759922	2000.9	2841.3	BLJA
73	Spectrogram 1	1	100.33466955200001	100.701079402	2060.9	3521.6	EATO
74	Spectrogram 1	1	100.561265117	102.079937521	2621.2	5342.4	COYE
75	Spectrogram 1	1	102.618355386	105.539991821	1100.5	3961.8	NOCA
76	Spectrogram 1	1	103.08601006299999	104.13220660799999	1740.8	8583.9	EATO
77	Spectrogram 1	1	105.14947606	106.345129254	1860.8	4882.2	EATO
78	Spectrogram 1	1	106.565863902	107.50599443799999	1000.5	1680.8	AMCR
79	Spectrogram 1	1	107.274577691	108.36898605799999	2060.9	2901.3	BLJA
80	Spectrogram 1	1	109.386423599	110.490474331	1840.8	8503.9	EATO
81	Spectrogram 1	1	110.05656793	113.46996495200001	1240.6	3861.8	NOCA
82	Spectrogram 1	1	111.608988609	113.363898943	3181.4	4822.2	COYE
83	Spectrogram 1	1	112.62099616200001	113.348197365	1995.9	3041.4	BLJA
84	Spectrogram 1	1	114.077770093	115.095039544	2761.3	4602.1	BHVI
85	Spectrogram 1	1	114.77684151700001	116.001421805	980.4	1800.8	AMCR
86	Spectrogram 1	1	115.895355795	116.956015887	1860.8	8483.8	EATO
87	Spectrogram 1	1	116.66753185700001	117.526314557	1766.7	4280.9	EATO
88	Spectrogram 1	1	117.533518021	120.836027852	1240.6	4061.8	NOCA
89	Spectrogram 1	1	120.93709419	123.178943929	960.4	1620.7	AMCR
90	Spectrogram 1	1	123.10662619600001	124.12389564700001	1800.8	7923.6	EATO
91	Spectrogram 1	1	124.293666361	125.537531378	2321.1	5422.5	COYE
92	Spectrogram 1	1	125.35449454200001	128.719679742	1340.6	4121.9	NOCA
93	Spectrogram 1	1	128.71003737799998	129.828551656	2141.0	7743.5	EATO
94	Spectrogram 1	1	129.11742207700001	131.614794475	1060.5	1560.7	AMCR
95	Spectrogram 1	1	131.637692419	132.471756946	2201.0	4422.0	EATO
96	Spectrogram 1	1	131.975175176	132.973159898	2060.9	2861.3	BLJA
97	Spectrogram 1	1	133.934119309	137.202880864	1180.5	4001.8	NOCA
98	Spectrogram 1	1	134.459628172	135.505824717	2060.9	8043.6	EATO
99	Spectrogram 1	1	135.81438038	137.010033575	3421.6	5122.3	COYE
100	Spectrogram 1	1	138.380793475	140.232127453	1080.5	1640.7	AMCR
101	Spectrogram 1	1	139.979356765	141.22804296299998	3021.4	4522.1	EATO
102	Spectrogram 1	1	140.562719815	141.536598626	2040.9	2881.3	BLJA
103	Spectrogram 1	1	140.62162548	141.925906421	2721.2	4742.2	BHVI
104	Spectrogram 1	1	142.56712365799999	143.680816754	2020.9	8383.8	EATO
105	Spectrogram 1	1	143.63638638	146.80872429	1100.5	4522.1	NOCA
106	Spectrogram 1	1	147.125714208	150.94409053799998	1160.5	1680.8	AMCR
107	Spectrogram 1	1	147.202853124	148.952942275	2441.1	4862.2	COYE
108	Spectrogram 1	1	148.735989075	150.100383647	2080.9	8023.6	EATO
109	Spectrogram 1	1	150.30872378	153.895683362	1080.5	5342.4	NOCA
110	Spectrogram 1	1	153.88844639	154.790007468	2281.0	4702.1	EATO
111	Spectrogram 1	1	155.720495639	156.824546371	1900.9	7963.6	EATO
112	Spectrogram 1	1	156.616542093	157.503639624	3001.4	4442.0	EATO
113	Spectrogram 1	1	157.883651775	159.204655707	2981.4	5382.4	COYE
114	Spectrogram 1	1	158.73458524	162.18173053799998	1100.5	4241.9	NOCA
115	Spectrogram 1	1	161.87403612	162.500789811	3201.5	4442.0	EATO
116	Spectrogram 1	1	162.770597528	164.50140195	2101.0	7363.3	EATO
117	Spectrogram 1	1	164.49623419	165.48457654799998	2201.0	3881.8	BHVI
118	Spectrogram 1	1	166.217564337	170.060046578	1100.5	5822.6	NOCA
119	Spectrogram 1	1	166.554879004	167.567327273	1960.9	8363.8	EATO
120	Spectrogram 1	1	168.351793495	168.550624958	2038.5	2955.9	EATO
121	Spectrogram 1	1	170.080875453	172.211838001	1060.5	1620.7	AMCR
122	Spectrogram 1	1	170.18694146200002	171.483839483	2080.9	5222.4	COYE
123	Spectrogram 1	1	171.86350491299999	173.136297023	2101.0	4422.0	EATO
124	Spectrogram 1	1	175.956163564	179.779361076	940.4	4882.2	NOCA
125	Spectrogram 1	1	176.462387698	177.788212813	2181.0	7323.3	EATO
126	Spectrogram 1	1	179.718229853	182.403628357	1040.5	1680.8	AMCR
127	Spectrogram 1	1	180.99102196299998	182.30238353099998	2221.0	5422.5	COYE
128	Spectrogram 1	1	181.88294067599998	182.86646185200001	1880.9	8383.8	EATO
129	Spectrogram 1	1	182.94842195	183.46910963099998	3141.4	4382.0	EATO
130	Spectrogram 1	1	184.388569126	188.34675974099997	1060.5	5502.5	NOCA
131	Spectrogram 1	1	189.739041672	191.248071712	2201.0	7303.3	EATO
132	Spectrogram 1	1	191.980198255	194.439001195	920.4	1700.8	AMCR
133	Spectrogram 1	1	193.10232574900002	196.94480799	1040.5	5842.6	NOCA
134	Spectrogram 1	1	194.717421798	195.300784848	4081.9	7343.3	EATO
135	Spectrogram 1	1	197.20325070799998	198.63032065	2441.1	4482.0	EATO
136	Spectrogram 1	1	198.591751192	201.95211520900003	960.4	1680.8	AMCR
137	Spectrogram 1	1	201.59809967200002	202.374310012	3061.4	7503.4	EATO
138	Spectrogram 1	1	201.88254942400002	205.62860802	1080.5	4261.9	NOCA
139	Spectrogram 1	1	202.410916342	203.21893356299998	2853.9	4450.8	EATO
140	Spectrogram 1	1	205.73088218200002	206.044259028	3081.4	4261.9	EATO
141	Spectrogram 1	1	205.88998119599998	207.138667395	2040.9	5282.4	COYE
142	Spectrogram 1	1	207.70738841	208.91268396900003	2761.3	4502.0	EATO
143	Spectrogram 1	1	210.208542113	214.181196274	1060.5	5342.4	NOCA
144	Spectrogram 1	1	211.08238406400002	212.00322987099997	1900.9	7923.6	EATO
145	Spectrogram 1	1	211.97912396	213.218167794	2261.0	4822.2	EATO
146	Spectrogram 1	1	213.978706621	214.615102675	3221.5	4442.0	EATO
147	Spectrogram 1	1	214.77143932099997	216.044231431	940.4	1720.8	AMCR
148	Spectrogram 1	1	215.97673487900002	216.285290542	2521.1	4662.1	EATO
149	Spectrogram 1	1	217.18685162	218.184836343	2040.9	7903.6	EATO
150	Spectrogram 1	1	218.085135662	219.435066688	2301.0	7323.3	EATO
151	Spectrogram 1	1	218.81795536200002	222.303670117	1120.5	4342.0	NOCA
152	Spectrogram 1	1	222.65374810400002	223.15294198900003	1325.0	2004.5	WOTH
153	Spectrogram 1	1	223.241552952	224.774688903	2361.1	4442.0	EATO
154	Spectrogram 1	1	225.333946042	226.847797264	2201.0	7483.4	EATO
155	Spectrogram 1	1	227.00189660700002	231.027583773	1120.5	6282.8	NOCA
156	Spectrogram 1	1	231.406556047	237.944079157	840.4	1600.7	AMCR
157	Spectrogram 1	1	233.1831617	234.17150405799998	2241.0	7503.4	EATO
158	Spectrogram 1	1	233.703849381	234.615052824	3661.7	7343.3	EATO
159	Spectrogram 1	1	234.576483366	236.15300995599998	2281.0	5002.3	COYE
160	Spectrogram 1	1	236.027827243	239.97155431099998	1040.5	6322.9	NOCA
161	Spectrogram 1	1	239.875466845	240.75774319400003	2741.2	4642.1	EATO
162	Spectrogram 1	1	240.41714342400002	240.770916983	2756.2	4372.0	EATO
163	Spectrogram 1	1	241.128974226	242.10767422	2000.9	8023.6	EATO
164	Spectrogram 1	1	241.447172254	242.9272752	2341.1	7423.4	EATO
165	Spectrogram 1	1	244.065756965	245.589250551	2241.0	4422.0	EATO
166	Spectrogram 1	1	245.447367054	249.35252466400001	1040.5	4542.1	NOCA
167	Spectrogram 1	1	246.903364089	247.819388713	3081.4	7403.4	EATO
168	Spectrogram 1	1	249.10732712700002	250.58743007299998	2281.0	7483.4	EATO
169	Spectrogram 1	1	250.654926624	251.62398425400002	1780.8	4462.0	EATO
170	Spectrogram 1	1	251.68855034700002	253.168653293	2241.0	5162.3	COYE
171	Spectrogram 1	1	251.81201036099998	252.130208388	2961.3	4221.9	EATO
172	Spectrogram 1	1	253.216865115	254.33537939299998	1920.9	8183.7	EATO
173	Spectrogram 1	1	255.07594019200002	258.41219829799996	1080.5	5682.6	NOCA
174	Spectrogram 1	1	255.96303772299999	257.29368402	3101.4	4522.1	EATO
175	Spectrogram 1	1	258.02650372	259.448752479	2301.0	7483.4	EATO
176	Spectrogram 1	1	259.00278792299997	260.926439634	960.4	1640.7	AMCR
177	Spectrogram 1	1	260.20119308700004	261.464342832	2381.1	8063.7	EATO
178	Spectrogram 1	1	261.67647485099997	262.963730507	2941.3	4482.0	EATO
179	Spectrogram 1	1	264.94781003	268.86261000400003	1000.5	6963.2	NOCA
180	Spectrogram 1	1	266.283277509	267.777844002	2281.0	7403.4	EATO
181	Spectrogram 1	1	269.33026468099996	269.754528718	2601.2	3381.5	EATO
182	Spectrogram 1	1	272.016514176	274.23907918599997	1040.5	1640.7	AMCR
183	Spectrogram 1	1	272.927717618	274.374072289	1940.9	4982.3	COYE
184	Spectrogram 1	1	273.916059976	277.792290493	1000.5	4782.2	NOCA
185	Spectrogram 1	1	274.369251106	275.916850604	2321.1	7583.4	EATO
186	Spectrogram 1	1	275.796321048	276.75091513	3761.7	7703.5	EATO
187	Spectrogram 1	1	278.464493535	279.848172836	2661.2	4422.0	EATO
188	Spectrogram 1	1	281.25113686599997	282.417862967	1920.9	8143.7	EATO
189	Spectrogram 1	1	282.77978781400003	284.264711942	2341.1	7363.3	EATO
190	Spectrogram 1	1	283.05941638400003	287.417765124	1040.5	6222.8	NOCA
191	Spectrogram 1	1	286.37432544	287.42347869	3261.6	4484.7	EATO
192	Spectrogram 1	1	287.705649746	289.455738897	900.4	1620.7	AMCR
193	Spectrogram 1	1	289.68233446200003	290.203022143	2741.2	4802.2	EATO
194	Spectrogram 1	1	290.964768936	292.46415661099996	2301.0	7403.4	EATO
195	Spectrogram 1	1	292.278703986	296.256179329	940.4	5182.4	NOCA
196	Spectrogram 1	1	293.51838919799997	294.66484295	2989.8	4314.9	EATO
197	Spectrogram 1	1	295.65053935	295.96782359900004	3023.8	4688.6	EATO
198	Spectrogram 1	1	297.969757836	299.011133199	2080.9	6763.1	EATO
